ep348
Train step Loss: [0.46338149905204773, 0.44100621342658997, 0.4836626648902893, 0.44420334696769714, 0.4323030114173889, 0.4848041236400604, 0.4472197890281677, 0.4670984148979187, 0.3939478397369385, 0.446959912776947, 0.5102841854095459, 0.4795341193675995, 0.44825083017349243, 0.4685155749320984, 0.4983667731285095, 0.4334771931171417, 0.5522480607032776, 0.44946417212486267, 0.4486342668533325, 0.45857226848602295, 0.4269474446773529, 0.42493736743927, 0.4306451976299286, 0.4860193431377411, 0.4685162901878357, 0.44604599475860596, 0.4335719048976898, 0.4309774339199066, 0.4864785969257355, 0.44556063413619995, 0.45879027247428894, 0.44619113206863403, 0.4395277500152588, 0.4835016131401062, 0.4801565408706665, 0.4386352300643921, 0.4408815801143646, 0.4222685694694519, 0.46278783679008484, 0.47138723731040955, 0.45553097128868103, 0.4242951273918152, 0.4391185939311981, 0.4354206919670105, 0.48829206824302673, 0.4583822786808014, 0.4447747766971588, 0.4476433992385864, 0.47930943965911865, 0.3966721296310425, 0.41934704780578613, 0.4235363006591797, 0.4258001148700714, 0.4530799686908722, 0.4218728840351105, 0.4418705999851227, 0.4682755470275879, 0.43277183175086975, 0.4469027519226074, 0.4830341637134552, 0.4573391377925873, 0.44323229789733887, 0.4618310034275055, 0.40594130754470825, 0.4976602792739868, 0.4546976685523987, 0.46552518010139465, 0.48144394159317017, 0.4563795030117035, 0.42507216334342957, 0.4674779772758484, 0.45060136914253235, 0.4528384208679199, 0.46822383999824524, 0.5003719329833984, 0.459531307220459, 0.4470777213573456, 0.49332138895988464, 0.4617554843425751, 0.4310678243637085, 0.3948921263217926, 0.4675743579864502, 0.43648359179496765, 0.440000057220459, 0.4634695053100586, 0.43626993894577026, 0.42683812975883484, 0.45589587092399597, 0.46356916427612305, 0.450607568025589, 0.43341386318206787, 0.4203577935695648, 0.4129018187522888, 0.44112005829811096, 0.46460846066474915, 0.4644753634929657, 0.5037254691123962, 0.39357274770736694]
val step Loss: [0.42126861214637756, 0.4007137715816498, 0.3933447301387787, 0.3770504295825958, 0.4019411504268646, 0.4461595416069031, 0.4274812638759613, 0.4351288378238678, 0.44125887751579285, 0.4417774975299835, 0.4050085246562958, 0.40488728880882263, 0.40038493275642395, 0.3913077116012573, 0.38762953877449036, 0.40155690908432007, 0.38867539167404175, 0.43201008439064026, 0.4432632327079773, 0.4096604883670807, 0.4101429581642151, 0.41891199350357056, 0.3882542848587036, 0.4476483166217804, 0.3622373044490814]
Train step Accs: [0.9268484944032792, 0.9300954519932623, 0.9195162635529608, 0.9296895382207149, 0.9326130224623258, 0.9218865143699336, 0.9272644098810613, 0.9240622140896615, 0.9440800262381108, 0.9287930752898905, 0.916757791142701, 0.9259034683482901, 0.9271070615034168, 0.9263899765074393, 0.9162753253723332, 0.9313859729195193, 0.9095109128564601, 0.9312287136494629, 0.9337324237783656, 0.9286043298019346, 0.9299312533051296, 0.935441195925387, 0.9344530929946743, 0.9236866854762864, 0.9266677702367158, 0.9279386486843845, 0.9346683709700326, 0.9381477766633233, 0.9234291127249763, 0.9368614094838879, 0.9330611054396967, 0.9315898345153665, 0.9334585457472498, 0.9244632918102306, 0.9252747252747253, 0.9332194440130455, 0.93529126996934, 0.9403616775682955, 0.9293161606869058, 0.9273788296320311, 0.9301994301994302, 0.9378531073446328, 0.9332067656196065, 0.9343119266055046, 0.9174394256655698, 0.9279235503725299, 0.9310892805547529, 0.930393487109905, 0.9242179468350712, 0.9410972736452373, 0.9357559030972095, 0.9371957156767283, 0.9353052600903395, 0.9224359759833354, 0.9351599727705923, 0.9326251455180442, 0.9277514349887697, 0.9360220513564486, 0.9289311695579183, 0.9244246473645137, 0.9297654354273389, 0.9297243250964148, 0.9290262463115391, 0.9414012738853503, 0.9165799256505576, 0.9285714285714286, 0.9268408551068884, 0.9238888063029582, 0.9313964101003955, 0.9363507779349364, 0.925753339546443, 0.9291981845688351, 0.9278598971722365, 0.9219797216016498, 0.9134786781845605, 0.9275100680461047, 0.9335376673657041, 0.9195740507215917, 0.9305555555555556, 0.9340674466620784, 0.9431581685744017, 0.9260239445494644, 0.9317637669592976, 0.9307475317348378, 0.9272978788810329, 0.930459156433529, 0.9433900523560209, 0.9317460317460318, 0.9310430054374691, 0.9301014656144306, 0.936039524636133, 0.9388827433628318, 0.9398418700584393, 0.9352120859965136, 0.9331125827814569, 0.9252018699532512, 0.9181023720349563, 0.9465346534653465]
val step Accs: [0.9336439588688946, 0.9411665257819104, 0.9415857370633425, 0.9479858657243816, 0.9431492842535787, 0.9303711731238147, 0.9282528856243442, 0.9338032485442844, 0.9293008641005499, 0.9342413591095489, 0.9406368759009304, 0.9418737503570408, 0.9416809605488851, 0.9434634007405298, 0.9426299346776484, 0.9392117568470274, 0.944713199723566, 0.9323487374940448, 0.9336771236212577, 0.9367951744033569, 0.9423366455886781, 0.9315029315029315, 0.9464892412231031, 0.9308288610614192, 0.9553466509988249]
Preds: [17, 354, 420, 324, 324, 252, 301, 143, 129, 129, 401, 401, 82, 354, 354, 420, 213, 324, 301, 301, 314, 34, 34, 34, 34, 34, 280, 280, 420, 213, 213, 213, 246, 246, 19, 19, 19, 454, 197, 414, 414, 414, 82, 186, 66, 232, 232, 232, 172, 115, 115, 267, 267, 267, 267, 213, 324, 3, 464, 464, 180, 486, 486, 486, 460, 169, 150, 150, 162, 342, 168, 172, 172, 115, 273, 470, 286, 286, 468, 468, 406, 406, 467, 134, 302, 100, 274, 274, 274, 98, 98, 263, 129, 401, 401, 401, 75, 445, 445, 445, 445, 286, 286, 286, 468, 468, 406, 337, 337, 324, 324, 324, 422, 236, 239, 239, 401, 75, 108, 108, 371, 371, 219, 213, 213, 213, 213, 213, 360, 171, 171, 171, 434, 207, 19, 434, 339, 303, 303, 303, 217, 398, 219, 398, 340, 116, 116, 10, 309, 479, 331, 106, 88, 88, 88, 284, 284, 284, 284, 284, 450, 450, 450, 43, 43, 276, 276, 276, 276, 174, 174, 426, 426, 345, 203, 203, 53, 53, 70, 70, 65, 174, 174, 319, 240, 236, 314, 239, 259, 384, 371, 212, 324, 81, 81, 286, 143, 36, 77, 342, 232, 172, 164, 224, 219, 485, 477, 464, 139, 88, 387, 387, 387, 274, 122, 236, 32, 239, 310, 107, 107, 395, 106, 106, 153, 153, 153, 387, 387, 387, 406, 42, 406, 406, 467, 337, 337, 324, 464, 464, 378, 378, 43, 276, 276, 138, 138, 174, 387, 387, 387, 122, 122, 24, 314, 32, 32, 32, 401, 401, 310, 384, 384, 384, 384, 395, 374, 374, 374, 132, 132, 98, 48, 48, 417, 417, 170, 170, 170, 305, 170, 170, 170, 28, 170, 28, 2, 2, 2, 392, 392, 2, 63, 63, 63, 63, 63, 63, 244, 63, 23, 63, 392, 73, 73, 73, 73, 244, 66, 66, 172, 115, 273, 224, 486, 486, 460, 460, 240, 215, 8, 8, 32, 239, 354, 420, 420, 213, 213, 246, 246, 246, 19, 19, 19, 454, 454, 197, 197, 197, 7, 7, 32, 32, 32, 259, 75, 371, 180, 106, 106, 151, 206, 240, 240, 314, 8, 8, 354, 354, 180, 284, 486, 460, 167, 167, 215, 35, 416, 7, 8, 473, 109, 355, 355, 496, 37, 236, 251, 251, 241, 106, 153, 153, 153, 153, 153, 387, 387, 387, 122, 236, 8, 239, 239, 380, 371, 106, 153, 153, 153, 98, 76, 76, 35, 458, 82, 144, 208, 27, 437, 481, 481, 405, 405, 375, 98, 98, 98, 263, 13, 78, 170, 82, 170, 170, 170, 170, 28, 244, 187, 187, 2, 392, 2, 2, 2, 101, 101, 244, 316, 73, 73, 73, 73, 73, 320, 7, 7, 70, 70, 65, 46, 46, 46, 46, 438, 468, 406, 406, 406, 467, 426, 413, 413, 348, 64, 212, 465, 384, 371, 359, 290, 26, 251, 251, 251, 479, 331, 84, 84, 496, 43, 43, 8, 8, 144, 208, 208, 106, 106, 106, 426, 426, 348, 348, 348, 413, 303, 303, 303, 303, 375, 375, 98, 98, 98, 48, 442, 17, 169, 240, 240, 240, 240, 240, 240, 240, 240, 240, 240, 240, 240, 240, 240, 240, 240, 240, 240, 240, 240, 240, 240, 240, 240, 240, 240, 240, 240, 240, 240, 240, 240, 240, 240, 240, 240, 240, 240, 240, 240, 240, 240, 240, 240, 240, 240, 240, 240, 240, 240, 240, 240, 240, 240, 240, 240, 240, 240, 240, 240, 240, 240, 240, 240, 240, 240, 240, 240, 240, 240, 240, 240, 240, 240, 240, 240, 240, 240, 240, 240, 240, 240, 240, 240, 240, 240, 240, 240, 240]

ep349
Train step Loss: [0.3843834400177002, 0.41524937748908997, 0.46709683537483215, 0.47610217332839966, 0.41807985305786133, 0.45722725987434387, 0.4390803873538971, 0.4743508994579315, 0.4489358961582184, 0.45428696274757385, 0.47491928935050964, 0.5018857717514038, 0.4131559431552887, 0.45583707094192505, 0.46060872077941895, 0.39940524101257324, 0.4149884581565857, 0.4560739994049072, 0.41543343663215637, 0.42850908637046814, 0.3867265284061432, 0.4477556347846985, 0.4378354549407959, 0.41085776686668396, 0.39193227887153625, 0.44609975814819336, 0.42065444588661194, 0.503669798374176, 0.4699628949165344, 0.4480731785297394, 0.4472990036010742, 0.4270353317260742, 0.4721543788909912, 0.4253535866737366, 0.42280519008636475, 0.4543572664260864, 0.4647674560546875, 0.38626083731651306, 0.48408326506614685, 0.46888118982315063, 0.43375495076179504, 0.456792950630188, 0.5105709433555603, 0.4202366769313812, 0.453041136264801, 0.46183472871780396, 0.4576992690563202, 0.4115358591079712, 0.470172256231308, 0.42627957463264465, 0.478726863861084, 0.4459546208381653, 0.4238048791885376, 0.4675920605659485, 0.42266154289245605, 0.3967228829860687, 0.43395286798477173, 0.47351402044296265, 0.4397484362125397, 0.4408343732357025, 0.4653495252132416, 0.4270256459712982, 0.44782596826553345, 0.43725594878196716, 0.4584285616874695, 0.46764621138572693, 0.4163661301136017, 0.4344283938407898, 0.434018611907959, 0.4029320180416107, 0.4255097806453705, 0.4342944025993347, 0.4381527006626129, 0.43947550654411316, 0.4089687168598175, 0.418445885181427, 0.4597030282020569, 0.4446863532066345, 0.4514845013618469, 0.4243748188018799, 0.4498903453350067, 0.42338353395462036, 0.42598778009414673, 0.4794337749481201, 0.43102604150772095, 0.4442715346813202, 0.45139825344085693, 0.4763026237487793, 0.4568288028240204, 0.4070150554180145, 0.4252706468105316, 0.4670172929763794, 0.48724982142448425, 0.4771721363067627, 0.4531186819076538, 0.4353084862232208, 0.43193164467811584, 0.3609846234321594]
val step Loss: [0.48187798261642456, 0.41577163338661194, 0.417776882648468, 0.4385324716567993, 0.44434854388237, 0.3690304458141327, 0.3993679881095886, 0.4357545077800751, 0.4043028950691223, 0.39264026284217834, 0.4279263913631439, 0.3990626633167267, 0.35737112164497375, 0.38607099652290344, 0.4021871089935303, 0.39303603768348694, 0.4237014651298523, 0.367607057094574, 0.3718983829021454, 0.39655670523643494, 0.3852328360080719, 0.4061237573623657, 0.3843998312950134, 0.40759697556495667, 0.32427504658699036]
Train step Accs: [0.9497431625711509, 0.9379499934546407, 0.9274891774891775, 0.9258491055224267, 0.9385336273428887, 0.9298450745396083, 0.9312977099236641, 0.9275579809004093, 0.92545428530548, 0.9273758099352052, 0.9226951421266356, 0.916795267489712, 0.9414187035069076, 0.9310884886452623, 0.9323623796593433, 0.9435177539223782, 0.9373688458434221, 0.9321646341463414, 0.9371404518030026, 0.9307817589576547, 0.9431380364022851, 0.9285714285714286, 0.9339663357790245, 0.939871570344425, 0.9416829109811566, 0.931284475965327, 0.9352364720920324, 0.9152763295099061, 0.9218457101658255, 0.930098452883263, 0.9279425707706894, 0.9295701032274925, 0.9250720461095101, 0.9376602564102564, 0.9400428265524625, 0.9297996529421044, 0.9309870772614792, 0.9443980631157122, 0.918226916306609, 0.9213583556747096, 0.9346896462355838, 0.9294666278053045, 0.9186658864833236, 0.9358310626702997, 0.9289462487590413, 0.9267297650130548, 0.9256223905984228, 0.9448860625331214, 0.9245360262008734, 0.9342541436464088, 0.9223365416528377, 0.9327782917052112, 0.9364222522117259, 0.9237463738085371, 0.9371104031029228, 0.9415179219271513, 0.9381666666666667, 0.9256222126312761, 0.9301853605736706, 0.9252440725244072, 0.9323297281496639, 0.934411226357535, 0.9280226445612616, 0.9306752873563219, 0.9313513513513514, 0.927303799132378, 0.9423671199011124, 0.9358303497659047, 0.9375, 0.947001620745543, 0.9374729241877257, 0.9391852286049238, 0.9326050420168067, 0.9328506364591849, 0.942441590592604, 0.9383599339570721, 0.9289764672526226, 0.9344749504670252, 0.9265862611431568, 0.9360103322766232, 0.929093894611136, 0.9355163004452104, 0.9385140905209223, 0.9273542600896861, 0.9341546885694729, 0.9296960249415432, 0.928768926925609, 0.9215624507796504, 0.9249654749117692, 0.9442231075697212, 0.9348030649280817, 0.9220828582288103, 0.9228896103896104, 0.9300554016620498, 0.9304953560371517, 0.9360997159987378, 0.9313822751322751, 0.9505605058924979]
val step Accs: [0.9193014949067337, 0.9327335640138408, 0.937007874015748, 0.9364908503767492, 0.931617955530695, 0.9529128716274274, 0.9428251121076233, 0.9360667129951356, 0.9352487736510161, 0.9442241968557759, 0.934301322599195, 0.9438341115078275, 0.9482235044032797, 0.9469096671949286, 0.9412147858654942, 0.9446909198461994, 0.936992159657876, 0.9493367428480102, 0.9491228070175438, 0.946924531045514, 0.9437739989029073, 0.9406467977171845, 0.9445970695970696, 0.9384215091066782, 0.9559853284428143]
Preds: [259, 296, 287, 481, 481, 293, 497, 122, 122, 8, 144, 208, 106, 106, 153, 387, 387, 387, 348, 348, 350, 350, 413, 348, 413, 250, 250, 250, 250, 250, 250, 250, 250, 250, 122, 195, 195, 195, 195, 117, 117, 117, 48, 414, 414, 197, 197, 225, 225, 225, 287, 437, 437, 284, 284, 284, 460, 206, 460, 167, 167, 35, 35, 77, 342, 36, 224, 267, 30, 207, 324, 301, 301, 339, 399, 10, 479, 473, 331, 290, 403, 403, 290, 403, 403, 171, 171, 171, 171, 434, 434, 252, 246, 246, 219, 219, 219, 324, 324, 301, 374, 374, 374, 374, 132, 132, 132, 274, 43, 43, 345, 345, 345, 100, 387, 387, 374, 313, 313, 313, 310, 310, 310, 107, 395, 213, 213, 213, 213, 213, 213, 246, 246, 246, 19, 454, 454, 414, 414, 414, 47, 47, 80, 80, 244, 320, 320, 7, 219, 219, 219, 152, 152, 152, 374, 374, 378, 43, 43, 276, 276, 276, 276, 138, 153, 153, 153, 182, 182, 182, 182, 182, 387, 387, 387, 387, 167, 167, 457, 219, 219, 219, 152, 152, 152, 132, 364, 364, 364, 364, 364, 364, 364, 364, 364, 276, 276, 153, 153, 153, 497, 497, 497, 43, 280, 280, 106, 106, 284, 284, 215, 215, 406, 467, 499, 139, 284, 460, 460, 169, 150, 150, 342, 342, 115, 273, 273, 470, 428, 428, 403, 403, 403, 146, 207, 358, 358, 358, 358, 54, 433, 433, 433, 160, 427, 427, 56, 247, 126, 126, 126, 23, 23, 408, 149, 149, 412, 287, 287, 287, 284, 284, 460, 460, 460, 167, 35, 35, 8, 345, 109, 374, 278, 324, 252, 252, 219, 325, 34, 324, 324, 324, 301, 301, 325, 473, 473, 398, 213, 213, 213, 213, 252, 252, 143, 310, 310, 107, 213, 213, 213, 213, 213, 213, 246, 246, 246, 246, 246, 454, 454, 197, 197, 197, 197, 197, 209, 209, 287, 287, 287, 287, 284, 284, 486, 428, 85, 85, 146, 146, 146, 146, 358, 358, 143, 35, 36, 310, 445, 219, 219, 219, 219, 477, 374, 374, 374, 374, 374, 132, 132, 132, 132, 132, 88, 335, 14, 14, 14, 287, 284, 284, 284, 284, 284, 284, 284, 215, 450, 450, 450, 88, 375, 452, 452, 452, 263, 414, 414, 414, 414, 170, 170, 244, 187, 187, 187, 187, 187, 392, 2, 63, 392, 63, 63, 63, 63, 73, 73, 73, 320, 321, 83, 83, 83, 83, 403, 443, 264, 94, 94, 314, 314, 280, 29, 346, 77, 467, 84, 84, 468, 406, 406, 42, 250, 42, 250, 250, 250, 217, 473, 473, 346, 346, 346, 213, 213, 213, 252, 252, 143, 310, 107, 107, 213, 213, 213, 213, 213, 213, 246, 246, 246, 246, 246, 454, 454, 197, 197, 197, 259, 209, 287, 287, 287, 284, 284, 460, 206, 167, 167, 35, 35, 77, 342, 86, 172, 224, 400, 267, 213, 213, 213, 213, 324, 324, 3, 464, 378, 14, 14, 411, 100, 481, 481, 293, 497, 497, 122, 43, 276, 276, 346, 346, 437, 468, 468, 468, 468, 468, 413, 413, 413, 250, 250, 250, 250, 250, 250, 381, 381, 138, 138, 195, 303, 303, 117, 117, 48, 414, 414, 312, 312, 187, 187, 187, 149, 149, 321, 321, 287, 287, 287, 287, 486, 460, 460, 460, 167, 169, 35, 342, 342, 224, 494, 324, 301, 301, 399, 217, 473, 473, 398, 476, 360, 434, 246, 246, 246, 246, 107, 395, 485, 485, 325, 34, 191, 324, 301, 301, 301, 325, 374, 374, 374, 374, 42, 43, 43, 43, 345, 345, 345, 109, 132, 374, 374, 374, 313, 313]

ep350
Train step Loss: [0.4178548753261566, 0.43006545305252075, 0.41756752133369446, 0.4321298599243164, 0.37727925181388855, 0.4228697717189789, 0.44933101534843445, 0.39252135157585144, 0.4271640479564667, 0.4144718050956726, 0.4377810060977936, 0.433935284614563, 0.42384976148605347, 0.44393277168273926, 0.46863746643066406, 0.41754084825515747, 0.4874809682369232, 0.4248460531234741, 0.3948569595813751, 0.42583799362182617, 0.4683830738067627, 0.40713241696357727, 0.4059623181819916, 0.4155910015106201, 0.47453582286834717, 0.4599720537662506, 0.5010619759559631, 0.4219103157520294, 0.49973657727241516, 0.4581153988838196, 0.42676660418510437, 0.38840487599372864, 0.4131767749786377, 0.4356408417224884, 0.4481417238712311, 0.41432690620422363, 0.440603643655777, 0.4562183916568756, 0.4566555321216583, 0.4613168239593506, 0.4331006705760956, 0.40939390659332275, 0.423926442861557, 0.5030129551887512, 0.3965103328227997, 0.400841623544693, 0.43158406019210815, 0.3920314610004425, 0.4276958703994751, 0.4496196210384369, 0.38137495517730713, 0.42947548627853394, 0.5025615096092224, 0.42805665731430054, 0.4520636796951294, 0.4557291567325592, 0.40974363684654236, 0.4484975039958954, 0.3738175332546234, 0.48722466826438904, 0.47318118810653687, 0.4717475175857544, 0.4573043882846832, 0.46532824635505676, 0.47117990255355835, 0.41981104016304016, 0.39949938654899597, 0.4486876130104065, 0.45954322814941406, 0.44293954968452454, 0.4703262448310852, 0.4077434241771698, 0.4179494082927704, 0.44051671028137207, 0.4533843696117401, 0.4213319420814514, 0.4217865765094757, 0.4347953796386719, 0.4464402198791504, 0.427634060382843, 0.4555331766605377, 0.3737353980541229, 0.3905184268951416, 0.45710131525993347, 0.4334510266780853, 0.4452163279056549, 0.4088391065597534, 0.40597036480903625, 0.4507063329219818, 0.4441130757331848, 0.4647045433521271, 0.4110512137413025, 0.4497601091861725, 0.4177757799625397, 0.45350515842437744, 0.44898509979248047, 0.3918466567993164, 0.4659993052482605]
val step Loss: [0.40695470571517944, 0.4506574869155884, 0.3812065124511719, 0.433289110660553, 0.3781112730503082, 0.3885400593280792, 0.38222089409828186, 0.35525426268577576, 0.37188243865966797, 0.40954092144966125, 0.3785155713558197, 0.38690313696861267, 0.37404105067253113, 0.4030396640300751, 0.37818801403045654, 0.42623570561408997, 0.40821248292922974, 0.38457179069519043, 0.3838399648666382, 0.3671174943447113, 0.4377741515636444, 0.4099535048007965, 0.3932417631149292, 0.41235247254371643, 0.48261383175849915]
Train step Accs: [0.9397116644823067, 0.9392699811202014, 0.9350372736954207, 0.9389981340605713, 0.9472806139472806, 0.9360183189655172, 0.9319557778362727, 0.9407386603005196, 0.9402945113788487, 0.9418218565035369, 0.9341016548463357, 0.9325810185185185, 0.9397222646116282, 0.9378826340152308, 0.922890397672163, 0.9395061728395062, 0.9203224306309099, 0.9363249622615617, 0.9407785961220502, 0.9339805825242719, 0.9281388776746063, 0.9356943150046598, 0.939513293008862, 0.937353268256518, 0.9233038348082596, 0.9317617866004962, 0.9177981109799291, 0.9388662938485003, 0.9191158310693999, 0.9307034648267587, 0.9427376316169047, 0.9481339187705817, 0.9405564195610852, 0.9328519855595668, 0.9291201982651797, 0.9380519646742609, 0.9310344827586207, 0.9267847837415321, 0.9264164827078735, 0.9244432299494466, 0.9392515794589341, 0.9412628487518355, 0.9366635543106131, 0.9180461329715061, 0.9422642574816488, 0.9441111461951374, 0.9365949669619007, 0.9436880370125579, 0.9302290762090133, 0.9269815852682146, 0.9474882786336236, 0.9346620710325191, 0.9208939340191558, 0.9314013719725606, 0.9297732260424286, 0.9339790976293653, 0.9358312435462458, 0.9308747220163084, 0.9464235227594007, 0.9179248935346497, 0.9251700680272109, 0.9240121580547113, 0.9288855193328279, 0.9297739297739298, 0.9266376770935615, 0.9353950169024665, 0.9430664439018122, 0.9278283485045513, 0.9290825250437271, 0.932848791278243, 0.9244532803180915, 0.9382799782962561, 0.9395613594508622, 0.93272218769422, 0.9282643739924772, 0.9392205381998144, 0.942116419370618, 0.9332129963898917, 0.9362283631946553, 0.9366559933175553, 0.9280603616495382, 0.9525040387722132, 0.9421221864951769, 0.9287131331834414, 0.9297566371681416, 0.9304883413990321, 0.9360447066128531, 0.9346468044209515, 0.9258125637662148, 0.9331331014859311, 0.9274764150943396, 0.9367636092468308, 0.9254921928038018, 0.9384032552266031, 0.9291477559253656, 0.9307577200380901, 0.9425641025641026, 0.923408182097816]
val step Accs: [0.9395962227287529, 0.9292594347070898, 0.9467434751939807, 0.9330104923325262, 0.9414014687882497, 0.9459303166112476, 0.9459148446490219, 0.9522091974752029, 0.9479679802955665, 0.9337031900138696, 0.9411356138218441, 0.9421822924213882, 0.9505675029868578, 0.9383505492703722, 0.9490037149611618, 0.9362124217915458, 0.9395465994962217, 0.9435192894809881, 0.9454793275783735, 0.9495481927710844, 0.9302549965541006, 0.9385771672929895, 0.938230605738576, 0.9376702451530203, 0.9262076835298593]
Preds: [17, 17, 17, 17, 17, 296, 296, 392, 392, 392, 392, 392, 244, 66, 320, 244, 244, 249, 249, 249, 249, 20, 40, 249, 249, 211, 211, 249, 249, 249, 249, 412, 17, 435, 435, 435, 289, 211, 211, 211, 289, 260, 244, 260, 201, 201, 51, 63, 63, 63, 63, 63, 63, 63, 244, 244, 435, 435, 289, 7, 7, 309, 309, 309, 479, 398, 213, 213, 434, 339, 339, 10, 195, 250, 132, 132, 88, 88, 84, 284, 284, 284, 206, 293, 293, 43, 43, 364, 276, 276, 276, 153, 182, 182, 182, 182, 182, 182, 182, 497, 335, 14, 14, 287, 287, 111, 111, 240, 251, 251, 251, 431, 431, 428, 428, 146, 146, 146, 358, 358, 186, 54, 54, 172, 172, 115, 273, 302, 302, 497, 203, 399, 217, 217, 217, 473, 473, 264, 264, 264, 264, 468, 468, 468, 313, 337, 324, 324, 324, 324, 301, 26, 251, 251, 251, 241, 431, 376, 376, 376, 376, 460, 460, 452, 263, 263, 263, 225, 225, 225, 82, 82, 7, 148, 276, 276, 276, 174, 387, 387, 219, 219, 219, 219, 219, 219, 219, 219, 219, 246, 246, 246, 246, 246, 246, 3, 19, 454, 229, 414, 414, 414, 312, 187, 187, 149, 149, 228, 244, 244, 209, 287, 460, 460, 215, 215, 35, 35, 354, 354, 284, 284, 405, 206, 215, 215, 35, 35, 401, 259, 354, 276, 148, 346, 346, 405, 405, 405, 206, 293, 43, 43, 276, 276, 276, 346, 346, 284, 206, 206, 240, 251, 251, 251, 241, 431, 428, 428, 428, 146, 146, 146, 358, 54, 54, 54, 172, 172, 224, 273, 302, 125, 203, 399, 217, 217, 473, 473, 65, 264, 264, 264, 264, 468, 468, 468, 468, 313, 337, 337, 41, 324, 324, 41, 246, 246, 246, 246, 19, 19, 19, 454, 454, 414, 414, 414, 244, 392, 392, 392, 392, 392, 392, 73, 73, 244, 7, 7, 217, 217, 473, 473, 278, 278, 171, 252, 236, 314, 239, 239, 310, 107, 107, 395, 213, 213, 213, 213, 213, 213, 246, 246, 246, 246, 246, 246, 246, 246, 246, 19, 19, 454, 454, 414, 414, 82, 170, 244, 392, 392, 17, 17, 169, 240, 240, 240, 240, 240, 240, 240, 240, 240, 240, 240, 240, 240, 240, 240, 240, 240, 240, 240, 240, 240, 240, 240, 240, 240, 240, 240, 240, 240, 240, 240, 240, 240, 240, 240, 240, 240, 240, 240, 240, 240, 240, 240, 240, 240, 240, 240, 240, 240, 240, 240, 240, 240, 240, 240, 240, 240, 240, 240, 240, 240, 240, 240, 240, 240, 240, 240, 240, 240, 240, 240, 240, 240, 240, 240, 240, 240, 240, 240, 240, 240, 240, 240, 240, 240, 240, 240, 240, 240, 240, 240, 240, 240, 240, 240, 240, 240, 240, 240, 240, 240, 240, 240, 240, 240, 240, 240, 240, 240, 240, 240, 240, 240, 240, 240, 240, 240, 240, 240, 240, 240, 240, 240, 240, 240, 240, 240, 240, 240, 240, 240, 240, 240, 240, 240, 240, 240, 240, 240, 240, 240, 240, 240, 240, 240, 240, 240, 240, 240, 240, 240, 240, 240, 240, 240, 240, 240, 240, 240, 240, 240, 240, 240, 240, 240, 240, 240, 240, 240, 240, 240, 240, 240, 240, 240, 240, 240, 240, 240, 240, 240, 240, 240, 240, 240, 240, 240, 240, 240, 240, 240, 240, 240, 240, 240, 240, 240, 240, 240, 240, 240, 240, 240, 240, 240, 240, 240, 240, 240, 240, 240, 240, 240, 240, 240, 240, 240, 240, 240, 240, 240, 240, 240, 240, 240, 240, 240, 240, 240, 240, 240, 240, 240, 240, 240, 240, 240]

ep351
Train step Loss: [0.4415316581726074, 0.4676968455314636, 0.4142681062221527, 0.4250392019748688, 0.42248666286468506, 0.3887297809123993, 0.46050378680229187, 0.4282194972038269, 0.4580512046813965, 0.3866536319255829, 0.47595280408859253, 0.46216297149658203, 0.39249786734580994, 0.45922333002090454, 0.44470056891441345, 0.468380868434906, 0.43636587262153625, 0.4678914248943329, 0.44846752285957336, 0.38821861147880554, 0.43720191717147827, 0.41875144839286804, 0.435317724943161, 0.3978414535522461, 0.45348480343818665, 0.371919184923172, 0.4382067918777466, 0.41440579295158386, 0.4279597997665405, 0.4206342101097107, 0.43674832582473755, 0.4257059693336487, 0.4401302933692932, 0.44201746582984924, 0.4296058118343353, 0.38413017988204956, 0.44536688923835754, 0.44879528880119324, 0.37328675389289856, 0.43313485383987427, 0.43293172121047974, 0.43069320917129517, 0.417793869972229, 0.4893423616886139, 0.4378107190132141, 0.4314908981323242, 0.43044695258140564, 0.41328954696655273, 0.47633934020996094, 0.41054567694664, 0.4241642951965332, 0.4476226270198822, 0.4493348300457001, 0.4311126172542572, 0.401867151260376, 0.4409371316432953, 0.3828597664833069, 0.4182400405406952, 0.43926364183425903, 0.4620927572250366, 0.4328633248806, 0.4057360589504242, 0.39826932549476624, 0.45105767250061035, 0.42191046476364136, 0.45049965381622314, 0.400526225566864, 0.3930586576461792, 0.39828354120254517, 0.4371568560600281, 0.45731350779533386, 0.4260441064834595, 0.44902411103248596, 0.4032861292362213, 0.42586320638656616, 0.3930993378162384, 0.38235345482826233, 0.3948897123336792, 0.4123920798301697, 0.392330139875412, 0.36838817596435547, 0.4083819091320038, 0.42207446694374084, 0.49593132734298706, 0.38623523712158203, 0.44822922348976135, 0.45733773708343506, 0.4448438286781311, 0.48573869466781616, 0.4574253559112549, 0.40301480889320374, 0.4251467287540436, 0.3983761668205261, 0.4493351876735687, 0.44463592767715454, 0.42785555124282837, 0.4187275171279907, 0.4991946816444397]
val step Loss: [0.41732046008110046, 0.37900370359420776, 0.36621737480163574, 0.3992031514644623, 0.3724377751350403, 0.3986908793449402, 0.3875386416912079, 0.3987486660480499, 0.4242682158946991, 0.3849509656429291, 0.43608659505844116, 0.4107895493507385, 0.38067060708999634, 0.38674822449684143, 0.3721874952316284, 0.3881748616695404, 0.3911122977733612, 0.4111118018627167, 0.40648508071899414, 0.37331804633140564, 0.3941952586174011, 0.42120498418807983, 0.3698316514492035, 0.3593628406524658, 0.31685328483581543]
Train step Accs: [0.927659002285868, 0.9291309212980231, 0.9373345101500441, 0.9400921658986175, 0.9336898395721925, 0.9433533517286155, 0.9329140461215933, 0.9344450833812536, 0.9268997797356828, 0.9475104574281473, 0.9243686367843449, 0.934785830739588, 0.9405320813771518, 0.924026167112697, 0.9318283083320956, 0.9283097854526426, 0.9317685589519651, 0.9239989103786435, 0.9332729468599034, 0.9443391115926327, 0.9337175792507204, 0.9334241186261159, 0.9301741954532035, 0.9446808510638298, 0.9252734763460719, 0.9516294023089288, 0.9302264349657715, 0.9406885758998436, 0.9334440084515545, 0.9342849067269644, 0.9396092362344582, 0.9367406786761625, 0.9354678168546782, 0.9319494088534507, 0.9290926395939086, 0.9417344173441734, 0.9301643940359373, 0.928082191780822, 0.9498469164601254, 0.935666982024598, 0.9310774988305005, 0.937814903208698, 0.9384133611691023, 0.9241762604208019, 0.9384635149023638, 0.9297044581733177, 0.9343687374749499, 0.9334910254626408, 0.9277551020408163, 0.9443372420958884, 0.9327905255366395, 0.9273727647867951, 0.9268541454174559, 0.9325759446776982, 0.9381360471344403, 0.9340731070496083, 0.943039950062422, 0.937455274080435, 0.9304606240713225, 0.9299426934097421, 0.9338204880739005, 0.9405692375755789, 0.9380366342301087, 0.9236220472440945, 0.9357312142757563, 0.9288431061806656, 0.9448503079787997, 0.9470112619116373, 0.9473997028231798, 0.9365478871373691, 0.9232673267326733, 0.9376717281272596, 0.9290304155361988, 0.9440849713099744, 0.9318403115871471, 0.9441462167689162, 0.9465433453519361, 0.9420862691184052, 0.9369205046359629, 0.9428076256499134, 0.9504107981220657, 0.9386054670369829, 0.9390190013256738, 0.9159098553649512, 0.9435996682333425, 0.9340133484447802, 0.9271291742169299, 0.9314270585120465, 0.9220426262337291, 0.924558332007003, 0.9416325955167066, 0.9353920592002277, 0.9427546818966662, 0.9299715195175071, 0.9343106850859881, 0.9312911537360435, 0.9367611451360205, 0.9189446916719644]
val step Accs: [0.9367748444593913, 0.9474953120814359, 0.9493871095294583, 0.9409205725512209, 0.9520259319286872, 0.9471420643729189, 0.943983923637277, 0.9366301450992005, 0.9322899505766062, 0.9456120648163003, 0.9331191588785047, 0.9361296472831268, 0.9462041226747109, 0.9443027210884354, 0.946977275975418, 0.9408887646730016, 0.9410660118445761, 0.9364656381486676, 0.9405845711547676, 0.9466971877043819, 0.9429351535836178, 0.9360695758315533, 0.945724907063197, 0.9527035830618893, 0.9606946983546618]
Preds: [17, 296, 411, 297, 297, 297, 297, 297, 293, 293, 122, 35, 35, 35, 458, 144, 27, 437, 399, 426, 426, 350, 88, 88, 88, 287, 284, 111, 460, 240, 385, 35, 36, 77, 342, 342, 68, 115, 273, 273, 151, 151, 315, 315, 450, 450, 450, 250, 250, 276, 174, 109, 85, 146, 299, 19, 19, 19, 454, 197, 197, 401, 82, 127, 127, 114, 240, 240, 240, 26, 251, 251, 241, 371, 286, 286, 464, 464, 285, 285, 180, 486, 486, 460, 240, 385, 35, 36, 108, 108, 224, 110, 77, 485, 374, 374, 374, 274, 122, 236, 239, 239, 384, 384, 280, 280, 134, 395, 374, 374, 132, 132, 132, 274, 186, 186, 99, 338, 338, 338, 338, 338, 60, 60, 60, 81, 422, 99, 99, 338, 338, 338, 436, 436, 338, 60, 60, 81, 81, 19, 48, 48, 229, 82, 229, 305, 312, 292, 292, 292, 292, 292, 1, 1, 1, 1, 1, 408, 408, 391, 392, 392, 73, 73, 73, 244, 412, 83, 83, 55, 55, 330, 330, 434, 422, 186, 54, 342, 342, 342, 68, 115, 115, 267, 267, 267, 213, 301, 301, 8, 32, 239, 239, 354, 420, 420, 324, 324, 464, 464, 464, 264, 403, 403, 403, 403, 207, 207, 468, 406, 406, 467, 337, 337, 285, 313, 175, 349, 349, 349, 205, 155, 155, 144, 487, 288, 288, 81, 434, 434, 34, 34, 77, 77, 54, 433, 433, 68, 160, 161, 359, 226, 226, 82, 188, 188, 171, 171, 171, 171, 171, 246, 246, 246, 246, 246, 246, 246, 246, 246, 246, 3, 3, 3, 360, 360, 464, 120, 120, 120, 120, 37, 173, 349, 183, 183, 183, 183, 427, 78, 82, 56, 312, 126, 126, 326, 326, 326, 408, 408, 391, 391, 391, 228, 392, 244, 412, 83, 188, 171, 416, 416, 239, 239, 354, 354, 180, 264, 264, 264, 330, 468, 406, 467, 29, 406, 399, 217, 217, 473, 473, 398, 278, 252, 236, 239, 36, 108, 107, 395, 494, 374, 301, 416, 416, 464, 324, 324, 301, 26, 251, 251, 241, 431, 106, 302, 497, 416, 8, 8, 239, 208, 208, 106, 106, 387, 387, 372, 372, 406, 406, 406, 467, 337, 41, 19, 19, 48, 48, 414, 414, 170, 170, 170, 244, 187, 187, 1, 1, 408, 391, 244, 391, 73, 73, 73, 73, 320, 83, 83, 55, 171, 416, 416, 8, 239, 354, 180, 264, 264, 264, 468, 468, 406, 467, 467, 406, 175, 203, 217, 217, 473, 65, 65, 443, 438, 438, 169, 349, 349, 234, 234, 234, 234, 261, 25, 25, 106, 284, 376, 376, 355, 355, 263, 263, 13, 414, 414, 170, 170, 170, 170, 187, 187, 47, 392, 244, 392, 63, 63, 63, 73, 244, 244, 412, 188, 188, 171, 240, 236, 239, 36, 384, 371, 301, 171, 171, 252, 416, 416, 32, 239, 354, 354, 180, 264, 264, 264, 264, 468, 468, 468, 406, 406, 303, 303, 303, 303, 48, 48, 48, 414, 414, 414, 170, 170, 244, 392, 392, 392, 63, 73, 73, 73, 244, 209, 287, 244, 424, 153, 182, 43, 43, 43, 8, 32, 32, 32, 208, 208, 441, 196, 250, 250, 250, 98, 335, 14, 287, 145, 460, 240, 385, 35, 36, 77, 66, 68, 68, 224, 273, 267, 448, 324, 464, 464, 358, 169, 349, 349, 234, 234, 234, 234, 261, 25, 106, 405, 460, 169, 339, 169, 240, 240, 240, 240, 240, 240, 240, 240, 240, 240, 240, 240, 240, 240, 240, 240, 240, 240, 240, 240, 240, 240, 240, 240, 240, 240, 240, 240, 240, 240, 240, 240, 240, 240, 240, 240, 240, 240]

ep352
Train step Loss: [0.39213985204696655, 0.3999159634113312, 0.44539907574653625, 0.39830446243286133, 0.3981448709964752, 0.4513276517391205, 0.4312983751296997, 0.44699540734291077, 0.444095641374588, 0.4103944003582001, 0.4246651828289032, 0.388656347990036, 0.4465098977088928, 0.45574483275413513, 0.41955095529556274, 0.40609055757522583, 0.4361640512943268, 0.40236517786979675, 0.40438055992126465, 0.4634866416454315, 0.41138848662376404, 0.36376091837882996, 0.48151272535324097, 0.4181996285915375, 0.392919659614563, 0.41195422410964966, 0.39771944284439087, 0.4711000323295593, 0.3960001766681671, 0.4335961639881134, 0.4203031063079834, 0.413575679063797, 0.4326643645763397, 0.3883459270000458, 0.38905420899391174, 0.44271695613861084, 0.41195186972618103, 0.43464022874832153, 0.3922531008720398, 0.3948052227497101, 0.3925587236881256, 0.41519278287887573, 0.38684383034706116, 0.39216652512550354, 0.3997653126716614, 0.4336848556995392, 0.42487776279449463, 0.42844194173812866, 0.4297690987586975, 0.4504760205745697, 0.41365498304367065, 0.468634694814682, 0.4447488486766815, 0.40688517689704895, 0.386475145816803, 0.44065430760383606, 0.44053491950035095, 0.45434650778770447, 0.4266756772994995, 0.47933799028396606, 0.43327534198760986, 0.41938865184783936, 0.3990963101387024, 0.39920681715011597, 0.45308348536491394, 0.40907973051071167, 0.43296539783477783, 0.39461150765419006, 0.4221176505088806, 0.44550445675849915, 0.4436454176902771, 0.4149441719055176, 0.3952241837978363, 0.4472306966781616, 0.41009286046028137, 0.43082278966903687, 0.38896510004997253, 0.41201266646385193, 0.4111816883087158, 0.42092785239219666, 0.43886739015579224, 0.44625526666641235, 0.4323105216026306, 0.424682080745697, 0.4093479812145233, 0.44829344749450684, 0.45341187715530396, 0.44331884384155273, 0.37227457761764526, 0.4624100625514984, 0.42336511611938477, 0.44971200823783875, 0.42216721177101135, 0.41748785972595215, 0.364520788192749, 0.4075257480144501, 0.4282684922218323, 0.4944123923778534]
val step Loss: [0.4120333194732666, 0.3816199004650116, 0.3777565062046051, 0.3953581750392914, 0.4314417541027069, 0.37295079231262207, 0.42270639538764954, 0.356381893157959, 0.3773040473461151, 0.4087671935558319, 0.3767702877521515, 0.36254969239234924, 0.38031888008117676, 0.385384202003479, 0.38473498821258545, 0.395171195268631, 0.3640722632408142, 0.4128246307373047, 0.38183826208114624, 0.37425199151039124, 0.3616635501384735, 0.34130367636680603, 0.3866996467113495, 0.38452276587486267, 0.41719546914100647]
Train step Accs: [0.9415516985610444, 0.9465456379223399, 0.9359968968192397, 0.940770632647748, 0.9377829706440777, 0.926958129705455, 0.9339756304902238, 0.9309078771695594, 0.9340796019900498, 0.939564402134718, 0.9378995433789954, 0.9435969209237229, 0.9300680272108843, 0.9284356093344858, 0.934435741224253, 0.9361558230758826, 0.9370186335403726, 0.9395462377943711, 0.9406071271447426, 0.9265051903114186, 0.9406735069718495, 0.9478887162830109, 0.9244019138755981, 0.9394712119178634, 0.9444444444444444, 0.9368171646702645, 0.9401833092137, 0.9252732240437158, 0.9418215861976729, 0.9309295603225316, 0.9330266540386957, 0.9350899742930592, 0.9315284531475884, 0.945059507334625, 0.9472020604073987, 0.9342632675966009, 0.9383697813121272, 0.9354618638286261, 0.9416250693288963, 0.9454801817327275, 0.9427278603749192, 0.9408478945860785, 0.9487995371709574, 0.9381720430107527, 0.9428866587957497, 0.9347656858165966, 0.9335389360061681, 0.9370343316289262, 0.9330184628595964, 0.9324805699481865, 0.9369075829383886, 0.9237710437710438, 0.9308825763329789, 0.9421988682295878, 0.9448186899813673, 0.9318249479011611, 0.930545712260808, 0.9271111111111111, 0.9347262051071965, 0.9207351290684624, 0.9315110098709187, 0.937995469988675, 0.9444444444444444, 0.93898615103214, 0.932315668202765, 0.9439532230462065, 0.93728432108027, 0.9424528301886792, 0.9344477220583415, 0.9264817341215704, 0.9315907217708701, 0.939188233630321, 0.9464044437772107, 0.93502658003544, 0.9391463821273758, 0.9339822259839188, 0.9484552585240915, 0.9390565484910636, 0.9379167989838044, 0.9383265680240932, 0.9337835302945039, 0.927008440137543, 0.9285391225689733, 0.9358098068350669, 0.938671209540034, 0.9250805209354432, 0.9281956490828949, 0.931039574719433, 0.9516908212560387, 0.9261828777577356, 0.9359410430839002, 0.9319098856758574, 0.9341802946344101, 0.9339153794492948, 0.952192920603582, 0.9381666186220813, 0.9331447290053604, 0.9165175909361956]
val step Accs: [0.941185647425897, 0.9415891948780916, 0.9458128078817734, 0.9356886558101021, 0.9281597075776746, 0.943192202254036, 0.9333729039916902, 0.9470108695652174, 0.9469625219861995, 0.9392272789770384, 0.9446306785342735, 0.9471908464133784, 0.9426653614879038, 0.9459821428571429, 0.9388245904103412, 0.9418570157223376, 0.9477861319966583, 0.935694909845221, 0.9485650908082629, 0.9510617353396147, 0.951960085531005, 0.953380302803178, 0.9467312348668281, 0.9455617198335645, 0.9409609120521173]
Preds: [17, 17, 7, 251, 479, 331, 331, 215, 215, 215, 330, 330, 330, 330, 348, 348, 64, 434, 398, 398, 398, 324, 324, 324, 324, 301, 301, 301, 301, 216, 309, 479, 380, 331, 106, 106, 284, 284, 481, 481, 481, 426, 293, 293, 375, 375, 98, 98, 98, 98, 263, 13, 13, 414, 414, 414, 414, 414, 170, 170, 321, 187, 187, 187, 187, 373, 12, 305, 305, 305, 305, 201, 2, 2, 2, 228, 321, 321, 320, 320, 412, 287, 174, 486, 486, 486, 486, 460, 460, 169, 150, 342, 342, 342, 224, 168, 494, 494, 422, 422, 99, 99, 99, 338, 338, 338, 338, 400, 400, 444, 213, 213, 246, 246, 246, 246, 246, 99, 99, 99, 338, 338, 338, 338, 400, 400, 400, 400, 374, 301, 301, 374, 132, 132, 88, 345, 100, 497, 497, 497, 497, 122, 129, 129, 259, 259, 259, 74, 74, 420, 420, 420, 213, 324, 324, 301, 301, 301, 399, 345, 473, 109, 290, 290, 290, 360, 434, 434, 339, 76, 76, 310, 310, 107, 107, 395, 395, 400, 41, 41, 41, 19, 19, 19, 454, 454, 454, 13, 414, 414, 414, 226, 226, 226, 226, 226, 226, 226, 47, 47, 47, 47, 20, 47, 47, 47, 244, 73, 244, 373, 244, 321, 321, 412, 287, 110, 486, 486, 486, 486, 460, 460, 460, 167, 35, 35, 196, 196, 473, 473, 398, 328, 324, 360, 434, 434, 434, 143, 129, 259, 75, 445, 445, 445, 445, 445, 445, 485, 485, 374, 374, 374, 132, 132, 132, 132, 122, 250, 398, 398, 324, 324, 324, 324, 301, 301, 399, 8, 345, 65, 65, 480, 480, 480, 428, 85, 85, 146, 146, 146, 146, 282, 368, 99, 99, 338, 338, 338, 338, 400, 400, 400, 400, 485, 301, 301, 378, 53, 88, 88, 100, 100, 100, 497, 497, 497, 497, 122, 335, 219, 219, 219, 324, 324, 324, 301, 301, 378, 43, 345, 345, 345, 331, 331, 431, 319, 282, 282, 348, 348, 251, 431, 431, 431, 431, 443, 443, 264, 264, 468, 468, 468, 467, 467, 499, 486, 460, 460, 169, 150, 150, 150, 232, 232, 232, 232, 172, 172, 115, 267, 267, 267, 267, 267, 267, 213, 246, 246, 3, 3, 3, 360, 360, 171, 171, 171, 171, 171, 318, 271, 31, 31, 162, 232, 232, 232, 68, 68, 115, 273, 273, 273, 273, 265, 265, 85, 85, 85, 85, 299, 299, 299, 173, 173, 173, 59, 452, 452, 452, 17, 169, 240, 240, 240, 240, 240, 240, 240, 240, 240, 240, 240, 240, 240, 240, 240, 240, 240, 240, 240, 240, 240, 240, 240, 240, 240, 240, 240, 240, 240, 240, 240, 240, 240, 240, 240, 240, 240, 240, 240, 240, 240, 240, 240, 240, 240, 240, 240, 240, 240, 240, 240, 240, 240, 240, 240, 240, 240, 240, 240, 240, 240, 240, 240, 240, 240, 240, 240, 240, 240, 240, 240, 240, 240, 240, 240, 240, 240, 240, 240, 240, 240, 240, 240, 240, 240, 240, 240, 240, 240, 240, 240, 240, 240, 240, 240, 240, 240, 240, 240, 240, 240, 240, 240, 240, 240, 240, 240, 240, 240, 240, 240, 240, 240, 240, 240, 240, 240, 240, 240, 240, 240, 240, 240, 240, 240, 240, 240, 240, 240, 240, 240, 240, 240, 240, 240, 240, 240, 240, 240, 240, 240, 240, 240, 240, 240, 240, 240, 240, 240, 240, 240, 240, 240, 240, 240, 240, 240, 240, 240, 240, 240, 240, 240, 240, 240, 240, 240, 240, 240, 240, 240, 240, 240, 240, 240, 240, 240, 240, 240, 240, 240, 240, 240, 240, 240, 240, 240, 240, 240]

ep353
Train step Loss: [0.3708667457103729, 0.36887720227241516, 0.4823935031890869, 0.4145849049091339, 0.444011926651001, 0.44388899207115173, 0.40799614787101746, 0.4422294497489929, 0.41678592562675476, 0.398529976606369, 0.43821895122528076, 0.41600990295410156, 0.43559908866882324, 0.466317355632782, 0.41569674015045166, 0.4378579258918762, 0.395365834236145, 0.45347774028778076, 0.4378873407840729, 0.40780583024024963, 0.40047818422317505, 0.40250059962272644, 0.3816930949687958, 0.4262923300266266, 0.411048024892807, 0.4635559916496277, 0.4262433648109436, 0.4467422664165497, 0.4583197832107544, 0.43537694215774536, 0.44042113423347473, 0.438664972782135, 0.4375212788581848, 0.3823712170124054, 0.44158416986465454, 0.3854937255382538, 0.4246755540370941, 0.3942658603191376, 0.3935493230819702, 0.3983953893184662, 0.445831298828125, 0.4035092294216156, 0.3947114646434784, 0.40077918767929077, 0.44606590270996094, 0.4843563437461853, 0.38581791520118713, 0.4231184124946594, 0.381673127412796, 0.48245882987976074, 0.3922888934612274, 0.379235178232193, 0.3970736265182495, 0.437674343585968, 0.418855756521225, 0.40749436616897583, 0.39305296540260315, 0.4254794716835022, 0.38412797451019287, 0.412140816450119, 0.40303024649620056, 0.40433037281036377, 0.4476584792137146, 0.38508516550064087, 0.3983760178089142, 0.4118554890155792, 0.43136894702911377, 0.34575846791267395, 0.43169018626213074, 0.4173928499221802, 0.43168532848358154, 0.4062384366989136, 0.4364604353904724, 0.4228379726409912, 0.38438183069229126, 0.4456368088722229, 0.4502926468849182, 0.3924202620983124, 0.409046471118927, 0.4407508671283722, 0.4208439290523529, 0.4249398708343506, 0.3989551067352295, 0.4357588291168213, 0.4052973687648773, 0.4097402095794678, 0.4045460820198059, 0.38725507259368896, 0.4527476131916046, 0.3629019856452942, 0.4338008165359497, 0.35897383093833923, 0.39966875314712524, 0.36229413747787476, 0.4139610230922699, 0.34916701912879944, 0.40945374965667725, 0.3688330054283142]
val step Loss: [0.3520312011241913, 0.3889138102531433, 0.3742404580116272, 0.3449605107307434, 0.379880428314209, 0.3836808204650879, 0.3680911064147949, 0.4037243723869324, 0.3771623969078064, 0.38617512583732605, 0.3972134292125702, 0.3464667797088623, 0.3656120300292969, 0.42093101143836975, 0.34686902165412903, 0.3521304726600647, 0.3811451494693756, 0.3747958242893219, 0.361467182636261, 0.40357786417007446, 0.36104732751846313, 0.4114609360694885, 0.43144840002059937, 0.3761965334415436, 0.38616037368774414]
Train step Accs: [0.9463894967177243, 0.9493937796520823, 0.9227353463587922, 0.9349411104879417, 0.9347197355736124, 0.9313998884551031, 0.9372804163955758, 0.9309864505508421, 0.9377727720681402, 0.9390566300264366, 0.931835549442152, 0.9387272995718293, 0.9344535481183169, 0.9275978491934476, 0.9352538106558523, 0.9314563679245284, 0.9446640316205533, 0.9310566183078701, 0.9303768730134706, 0.9420647149460709, 0.9350553505535055, 0.9411510168758114, 0.9485011529592621, 0.9337124046087086, 0.9419871374196088, 0.9262306710171656, 0.9344621223179098, 0.9272395357934542, 0.9276032039433149, 0.9324324324324325, 0.9341409078251184, 0.9425774877650898, 0.9326296585874381, 0.943849914123398, 0.9356768885564697, 0.9414360889492446, 0.9389177168272794, 0.9435012902349585, 0.9409166206515737, 0.9404893449092344, 0.9304312992388837, 0.9392832995267072, 0.9453966699314398, 0.94405492258253, 0.9269290449992946, 0.9229127432517263, 0.9452418096723869, 0.9361172161172161, 0.9399024670109007, 0.9199165797705944, 0.9478343775538001, 0.9484714780964387, 0.9430663478780633, 0.9303439268611232, 0.9386486843845036, 0.9369277721261444, 0.9423754789272031, 0.9329484902309059, 0.9424521615875265, 0.9421631000578369, 0.9382022471910112, 0.9419478039465309, 0.9331175836030206, 0.9442258108291491, 0.9432095418812686, 0.938024109014675, 0.93270794246404, 0.9550939171538748, 0.9298755186721992, 0.9370529327610873, 0.9341032608695652, 0.939576615729707, 0.931855233126834, 0.9330599091841218, 0.9494901960784313, 0.9288312509884549, 0.9320076972418216, 0.940377608479629, 0.9376296059977668, 0.9357760395224373, 0.9388663967611336, 0.9339654025282768, 0.9356397070282063, 0.9352681747047944, 0.9383621954798943, 0.941439205955335, 0.9422206337860376, 0.9419324868380303, 0.9330176855591144, 0.9480884797340493, 0.9317715458276333, 0.9511117445838084, 0.9367566811249475, 0.9464128843338214, 0.93806058554747, 0.9488602279544092, 0.9401073936389922, 0.9535738142952572]
val step Accs: [0.9491615650785201, 0.9426149784632486, 0.9503509227969846, 0.9551272831871135, 0.941287284144427, 0.9433402168301497, 0.9467934165720772, 0.9393939393939394, 0.9480720517872221, 0.9434722222222223, 0.9376956793988729, 0.9526365645721503, 0.9498069498069498, 0.9356499356499357, 0.9559791552386177, 0.9504581456747943, 0.9461102106969206, 0.9455760661998727, 0.9527979812973133, 0.943677997439909, 0.9486102779444111, 0.9373663305835624, 0.9288159771754636, 0.9431372549019608, 0.9392666157372039]
Preds: [17, 17, 296, 152, 213, 213, 213, 213, 246, 219, 219, 246, 246, 246, 324, 286, 464, 464, 180, 180, 355, 355, 450, 293, 43, 43, 43, 276, 276, 276, 174, 174, 319, 319, 319, 388, 251, 251, 251, 241, 431, 428, 428, 428, 146, 146, 146, 358, 186, 54, 342, 68, 224, 273, 106, 302, 153, 387, 387, 203, 8, 129, 401, 321, 354, 420, 213, 213, 422, 143, 143, 259, 75, 183, 485, 213, 213, 213, 213, 213, 213, 236, 239, 239, 310, 107, 395, 395, 286, 286, 264, 264, 264, 264, 335, 14, 440, 440, 64, 479, 497, 497, 43, 8, 239, 208, 27, 153, 153, 153, 387, 387, 387, 406, 406, 42, 42, 43, 364, 303, 303, 303, 303, 303, 303, 303, 117, 117, 48, 48, 170, 392, 392, 392, 392, 392, 392, 63, 73, 73, 73, 209, 209, 287, 287, 284, 460, 460, 167, 35, 35, 35, 164, 66, 66, 395, 224, 224, 444, 213, 213, 213, 213, 213, 213, 246, 3, 3, 226, 226, 226, 226, 209, 209, 287, 287, 284, 284, 284, 284, 284, 284, 284, 284, 206, 206, 206, 206, 285, 236, 35, 239, 384, 371, 106, 106, 106, 387, 496, 406, 406, 406, 406, 285, 41, 41, 213, 246, 246, 246, 246, 19, 19, 19, 454, 170, 170, 392, 392, 392, 392, 392, 392, 392, 392, 63, 63, 73, 73, 73, 209, 209, 287, 287, 460, 460, 240, 35, 35, 36, 449, 449, 219, 219, 485, 152, 464, 139, 106, 387, 293, 497, 43, 416, 8, 239, 144, 208, 27, 153, 153, 153, 387, 387, 387, 387, 406, 406, 406, 413, 413, 381, 381, 381, 381, 303, 303, 303, 195, 195, 195, 117, 48, 414, 170, 392, 392, 392, 392, 392, 392, 392, 392, 392, 392, 63, 73, 73, 73, 209, 287, 287, 284, 460, 460, 240, 167, 35, 35, 164, 164, 224, 219, 213, 213, 324, 324, 301, 399, 217, 217, 217, 473, 473, 65, 264, 264, 264, 468, 468, 468, 406, 337, 337, 324, 324, 422, 236, 239, 239, 384, 371, 420, 359, 301, 116, 251, 251, 241, 431, 106, 284, 284, 284, 405, 405, 206, 206, 206, 167, 385, 35, 75, 75, 371, 180, 106, 106, 151, 387, 406, 406, 406, 313, 337, 41, 41, 246, 246, 246, 246, 19, 19, 19, 454, 229, 170, 170, 392, 392, 392, 392, 392, 392, 392, 73, 244, 244, 7, 251, 241, 241, 431, 284, 206, 206, 167, 35, 35, 36, 449, 183, 219, 219, 464, 464, 180, 315, 315, 450, 450, 450, 450, 293, 43, 43, 345, 88, 109, 109, 403, 171, 171, 171, 422, 416, 143, 401, 321, 354, 354, 180, 278, 278, 171, 171, 171, 252, 252, 143, 314, 75, 131, 34, 84, 84, 153, 43, 43, 43, 364, 276, 276, 276, 153, 153, 153, 182, 98, 98, 197, 414, 170, 170, 392, 392, 392, 392, 392, 392, 244, 73, 209, 209, 287, 287, 460, 460, 169, 35, 35, 164, 164, 449, 451, 213, 213, 213, 324, 3, 3, 14, 14, 411, 145, 145, 284, 460, 460, 169, 169, 173, 183, 310, 183, 384, 27, 397, 7, 148, 364, 364, 345, 109, 374, 286, 286, 286, 286, 286, 468, 285, 285, 285, 180, 180, 284, 284, 284, 405, 206, 206, 169, 263, 13, 414, 170, 170, 392, 392, 392, 392, 392, 392, 244, 73, 73, 321, 7, 75, 470, 443, 443, 271, 150, 150, 342, 68, 68, 115, 273, 470, 171, 171, 171, 171, 271, 271, 31, 342, 68, 68, 68, 68, 115, 273, 470, 470, 264, 264, 264, 264, 264, 120, 120, 207, 355, 385, 263, 442]

ep354
Train step Loss: [0.44733840227127075, 0.37639090418815613, 0.4251280426979065, 0.4282757639884949, 0.46184372901916504, 0.45184630155563354, 0.3777603805065155, 0.41735774278640747, 0.3692045211791992, 0.3137815296649933, 0.42837634682655334, 0.39127498865127563, 0.41063836216926575, 0.3873171806335449, 0.4014333486557007, 0.43644824624061584, 0.38065260648727417, 0.40604323148727417, 0.37609991431236267, 0.39847320318222046, 0.3947990834712982, 0.41497159004211426, 0.44881150126457214, 0.43243148922920227, 0.39260751008987427, 0.437229722738266, 0.39600124955177307, 0.4134668707847595, 0.426281213760376, 0.4174349009990692, 0.3637397587299347, 0.4010395407676697, 0.40971699357032776, 0.47314926981925964, 0.4277687966823578, 0.4107058644294739, 0.4277957081794739, 0.4173421561717987, 0.42426925897598267, 0.42603984475135803, 0.36998361349105835, 0.3970153331756592, 0.3734210431575775, 0.3488696217536926, 0.4448769986629486, 0.379118412733078, 0.43220677971839905, 0.4276942312717438, 0.45752331614494324, 0.4520471692085266, 0.39962050318717957, 0.3640168607234955, 0.3750767409801483, 0.40814414620399475, 0.4412112534046173, 0.4379262328147888, 0.4220748543739319, 0.4241190254688263, 0.3735930323600769, 0.3767266571521759, 0.4205187261104584, 0.39453619718551636, 0.38585221767425537, 0.3478052616119385, 0.43930599093437195, 0.45012110471725464, 0.4169372022151947, 0.4197709858417511, 0.4133499562740326, 0.40918758511543274, 0.3820994198322296, 0.40932735800743103, 0.3851657211780548, 0.37830907106399536, 0.3771405816078186, 0.36938270926475525, 0.39229491353034973, 0.3512774705886841, 0.4272986650466919, 0.4272308945655823, 0.4240769147872925, 0.440894216299057, 0.3982330858707428, 0.4134814739227295, 0.4287131130695343, 0.38270512223243713, 0.4196295440196991, 0.47275564074516296, 0.3843562602996826, 0.4100552201271057, 0.43956831097602844, 0.4146900475025177, 0.4286716878414154, 0.3800930678844452, 0.425691694021225, 0.4151129424571991, 0.41489487886428833, 0.4201083779335022]
val step Loss: [0.3475143611431122, 0.36069515347480774, 0.37391039729118347, 0.37836822867393494, 0.3352418839931488, 0.3623529076576233, 0.39443615078926086, 0.38331785798072815, 0.3630947470664978, 0.38303545117378235, 0.4014997184276581, 0.37404966354370117, 0.36222130060195923, 0.37822362780570984, 0.4323408603668213, 0.3564257323741913, 0.3812558650970459, 0.3791021406650543, 0.3849426209926605, 0.3720164895057678, 0.39144474267959595, 0.3612315356731415, 0.34121444821357727, 0.3750740587711334, 0.29487526416778564]
Train step Accs: [0.928433034633083, 0.9546749226006191, 0.9374075170168689, 0.9349072512647555, 0.9220650285430628, 0.927076646552831, 0.9475289035700674, 0.9368946731234867, 0.9491762077631947, 0.9585930543187889, 0.9322814856185423, 0.9409051599884694, 0.9388051044083526, 0.948353177671254, 0.9407512179789408, 0.9328473293144539, 0.9440226483078111, 0.9425774877650898, 0.9467284308048639, 0.9409392106021319, 0.940379403794038, 0.9342680536710387, 0.9272727272727272, 0.9318894271872328, 0.9431896910073437, 0.9304531085353003, 0.9407522624434389, 0.9360473509455753, 0.9373186302959954, 0.9397858434153803, 0.9481396114586763, 0.9391974057559789, 0.9396606710039546, 0.9181674110358738, 0.9312415737222699, 0.940902745463006, 0.9314951677089255, 0.9387017493132861, 0.9365079365079365, 0.9315332690453231, 0.9495569188820723, 0.945417578980294, 0.9505658904644204, 0.9574468085106383, 0.9341374385018251, 0.9447202468804509, 0.9337710533828147, 0.9335516441533633, 0.9306310071040534, 0.9351410273879275, 0.9439775910364145, 0.9517088695170887, 0.9421656451359421, 0.938314742642118, 0.9298949115044248, 0.9326014452473597, 0.9336804604001097, 0.9336779911373707, 0.9478957915831663, 0.9478680611423974, 0.934652928416486, 0.9416181715787497, 0.943010922906443, 0.9538576779026218, 0.9307310830267157, 0.9307133838383839, 0.9385796545105566, 0.9284876905041032, 0.933840830449827, 0.9387498251992729, 0.9476330847927865, 0.9384001140738628, 0.9434906042990402, 0.946917808219178, 0.9473228460095252, 0.9467956469165659, 0.9441758927179167, 0.9543584980761576, 0.9304727272727272, 0.9327431452108693, 0.935330762385049, 0.9326845093268451, 0.9435127978817299, 0.9353338968723585, 0.9357447434200853, 0.94256, 0.9413142104492902, 0.9209072069997697, 0.9443360645077383, 0.934762054837693, 0.9335548172757475, 0.937863814809801, 0.9370289733712945, 0.9488944208522477, 0.9355192756207985, 0.9348111418987896, 0.9423493714781102, 0.9412878787878788]
val step Accs: [0.9533291058972733, 0.9485241693996863, 0.9444839857651246, 0.9458997722095672, 0.9552044070745144, 0.946058091286307, 0.9401891567869988, 0.9450885668276973, 0.9470034022507197, 0.9423538831064852, 0.9401816911250873, 0.946584938704028, 0.950822078684674, 0.9454385450278674, 0.9316313284292514, 0.9506064591553413, 0.9457956914523975, 0.9456773766147731, 0.9459538845645469, 0.9443170651817884, 0.944534353391202, 0.948300395256917, 0.9546650162463253, 0.9450628885354923, 0.9625187406296851]
Preds: [17, 296, 345, 387, 274, 122, 122, 32, 32, 239, 384, 371, 374, 132, 274, 416, 143, 129, 129, 259, 345, 109, 109, 374, 468, 468, 406, 467, 337, 337, 285, 314, 196, 199, 398, 324, 301, 339, 10, 10, 331, 398, 153, 153, 153, 387, 387, 497, 497, 43, 8, 32, 239, 144, 27, 106, 153, 387, 387, 387, 406, 406, 406, 250, 250, 250, 250, 250, 250, 250, 122, 195, 195, 195, 117, 117, 48, 48, 197, 197, 197, 47, 20, 47, 47, 80, 80, 80, 80, 209, 287, 287, 284, 284, 293, 43, 43, 43, 276, 276, 346, 346, 346, 284, 206, 206, 206, 251, 251, 251, 251, 251, 241, 431, 431, 428, 428, 428, 146, 146, 146, 358, 358, 186, 162, 232, 172, 172, 115, 273, 106, 106, 153, 182, 182, 182, 375, 375, 375, 98, 98, 13, 13, 170, 170, 20, 28, 20, 28, 28, 28, 28, 28, 28, 28, 2, 2, 20, 2, 2, 2, 2, 20, 127, 127, 20, 127, 20, 127, 127, 316, 73, 73, 73, 289, 289, 20, 287, 287, 284, 284, 284, 293, 43, 43, 276, 276, 276, 346, 346, 284, 284, 206, 206, 175, 251, 251, 241, 431, 428, 428, 428, 146, 146, 358, 186, 54, 54, 342, 224, 273, 494, 302, 497, 399, 399, 70, 70, 65, 65, 284, 284, 284, 215, 406, 406, 406, 406, 406, 406, 406, 413, 250, 413, 413, 413, 10, 10, 398, 398, 398, 324, 116, 33, 381, 250, 147, 473, 109, 467, 403, 171, 171, 301, 416, 32, 32, 239, 354, 109, 278, 403, 171, 171, 171, 358, 314, 314, 239, 384, 371, 106, 84, 106, 497, 43, 43, 43, 276, 276, 276, 153, 153, 153, 182, 182, 182, 98, 98, 197, 197, 197, 226, 226, 287, 287, 287, 284, 206, 240, 167, 35, 35, 77, 68, 115, 395, 180, 180, 315, 113, 450, 43, 43, 276, 276, 276, 346, 346, 284, 206, 240, 251, 251, 241, 431, 428, 428, 146, 146, 146, 186, 31, 54, 54, 172, 224, 273, 494, 38, 203, 399, 217, 217, 473, 473, 278, 443, 278, 271, 31, 54, 54, 172, 172, 115, 273, 273, 302, 302, 375, 375, 375, 375, 98, 98, 13, 229, 247, 312, 126, 23, 101, 149, 228, 228, 20, 320, 7, 152, 152, 116, 94, 94, 199, 331, 151, 355, 171, 171, 416, 416, 32, 239, 354, 180, 278, 278, 285, 143, 129, 458, 458, 208, 100, 100, 125, 497, 215, 76, 129, 259, 354, 106, 499, 265, 215, 468, 494, 494, 406, 337, 337, 324, 422, 236, 143, 401, 259, 127, 114, 106, 106, 302, 387, 387, 98, 98, 35, 229, 229, 247, 312, 187, 187, 187, 20, 391, 80, 73, 20, 320, 7, 7, 398, 250, 250, 250, 138, 138, 138, 387, 387, 215, 215, 35, 35, 35, 354, 354, 284, 206, 206, 240, 240, 24, 239, 384, 180, 180, 284, 319, 319, 388, 348, 94, 195, 195, 195, 250, 250, 94, 76, 36, 36, 68, 68, 68, 68, 115, 267, 267, 213, 213, 213, 213, 3, 3, 14, 14, 145, 145, 145, 460, 460, 215, 35, 35, 35, 384, 114, 470, 278, 171, 171, 359, 359, 359, 359, 41, 41, 41, 246, 246, 246, 19, 19, 19, 454, 229, 414, 414, 47, 20, 47, 47, 47, 47, 20, 80, 80, 20, 320, 7, 309, 479, 398, 398, 301, 8, 8, 32, 354, 354, 180, 443, 443, 403, 146, 438, 301, 43, 43, 364, 276, 109, 109, 428, 428, 240, 240, 24, 239, 384, 219, 219, 324, 301, 10, 10, 309, 331, 331, 106, 84, 153, 426, 426, 182, 182]

ep355
Train step Loss: [0.38403981924057007, 0.40025705099105835, 0.4139181971549988, 0.37942981719970703, 0.484235018491745, 0.3907316029071808, 0.42168697714805603, 0.37561070919036865, 0.43764016032218933, 0.3899463713169098, 0.39773476123809814, 0.43200165033340454, 0.42763835191726685, 0.42283427715301514, 0.42011648416519165, 0.4419482350349426, 0.41029393672943115, 0.3870660066604614, 0.3751669228076935, 0.35108715295791626, 0.3865506947040558, 0.38153502345085144, 0.42398983240127563, 0.41026729345321655, 0.4166421890258789, 0.4081212878227234, 0.37002822756767273, 0.4119156002998352, 0.4360775351524353, 0.38634857535362244, 0.3756544589996338, 0.4047718346118927, 0.3978964388370514, 0.3811644911766052, 0.4294337332248688, 0.35288599133491516, 0.41897672414779663, 0.39403262734413147, 0.4488622546195984, 0.40687257051467896, 0.3633483350276947, 0.4075262248516083, 0.40385913848876953, 0.3846439719200134, 0.37658727169036865, 0.3750736713409424, 0.40202397108078003, 0.40563902258872986, 0.393494576215744, 0.37065601348876953, 0.41656479239463806, 0.3772204518318176, 0.4271250069141388, 0.4321138858795166, 0.38613155484199524, 0.3903619050979614, 0.41851404309272766, 0.4219767153263092, 0.43624672293663025, 0.47593313455581665, 0.35028305649757385, 0.388143926858902, 0.38865387439727783, 0.422634482383728, 0.3890078365802765, 0.4046238362789154, 0.39363181591033936, 0.4101291000843048, 0.41707950830459595, 0.3894234895706177, 0.4303799271583557, 0.41702377796173096, 0.4348033368587494, 0.3911393880844116, 0.4052562117576599, 0.41361409425735474, 0.3719047009944916, 0.4185209274291992, 0.40895405411720276, 0.3701430857181549, 0.41339465975761414, 0.3974703848361969, 0.4290514588356018, 0.3754923939704895, 0.38584816455841064, 0.37774333357810974, 0.41489318013191223, 0.36685699224472046, 0.4064927101135254, 0.39619898796081543, 0.4235265254974365, 0.3919094204902649, 0.3805769681930542, 0.41915738582611084, 0.40864062309265137, 0.4327317476272583, 0.4198763370513916, 0.32724547386169434]
val step Loss: [0.32934531569480896, 0.41311898827552795, 0.34954971075057983, 0.32308468222618103, 0.3877164125442505, 0.35480204224586487, 0.3455451726913452, 0.36794161796569824, 0.3676716983318329, 0.39041373133659363, 0.3295891582965851, 0.38628166913986206, 0.3500092923641205, 0.3335164189338684, 0.3974386155605316, 0.38971665501594543, 0.4082888066768646, 0.35871854424476624, 0.40638917684555054, 0.368441104888916, 0.35009899735450745, 0.3658328056335449, 0.3573353886604309, 0.372870534658432, 0.34196901321411133]
Train step Accs: [0.9496458269171543, 0.9433290978398984, 0.9403689403689404, 0.9425077312341861, 0.9235421836228288, 0.9406345957011258, 0.9372719618299186, 0.949423520368947, 0.929572467624623, 0.9478750185102918, 0.9439198024117391, 0.9331782344578001, 0.9343992827256425, 0.9345780652749192, 0.9324357108199903, 0.9326241134751773, 0.938573883161512, 0.9423197492163009, 0.9421657095980311, 0.9498509783594661, 0.9428300694883134, 0.946170566423731, 0.9394257244001574, 0.9359463169132225, 0.9399012074643249, 0.9334106344210701, 0.9464733760802899, 0.9406106870229007, 0.931178934769599, 0.9432164634146342, 0.9447734675747705, 0.9385086254869226, 0.9400977995110025, 0.9464727272727272, 0.9307225022618586, 0.9513337116912599, 0.9411171897494961, 0.9378288562725007, 0.9262240992477234, 0.9412008281573498, 0.950786658275645, 0.9387581514034591, 0.9357066134724566, 0.9438124306326304, 0.947871897962013, 0.950406633710732, 0.9411369439591453, 0.9415697285733386, 0.9461068702290076, 0.9439404197698037, 0.9395781194136575, 0.9454915944982171, 0.9310241863242759, 0.933763440860215, 0.9444584382871537, 0.939279203477773, 0.9350954478707783, 0.9389042175798187, 0.9301143583227446, 0.9270281288218508, 0.9499562299387219, 0.9487760652765186, 0.9391930289827619, 0.9376206742908064, 0.9357350022897267, 0.9383730484798686, 0.9443802607691039, 0.9412272055199605, 0.9352745687608799, 0.9434235976789168, 0.9366828265021302, 0.9374408863667072, 0.9287895613548028, 0.9436108039804139, 0.9347422533200057, 0.9386189258312021, 0.9476411722659042, 0.9378781171609857, 0.9397381079636558, 0.9506574296620953, 0.9371049304677623, 0.9424499862976158, 0.9371685026519788, 0.9449308105055069, 0.9411109564248921, 0.9438555813183174, 0.9382611158312093, 0.9452247191011236, 0.9422950819672131, 0.9394385026737968, 0.9350141566671161, 0.9402538143447883, 0.9468772433596554, 0.9353240871780356, 0.9394779771615008, 0.9331484904497843, 0.9364251480124048, 0.9565558754252813]
val step Accs: [0.9529285495246856, 0.9336499321573949, 0.946466459931451, 0.9545391927262709, 0.9413930653574716, 0.9489813388118473, 0.9510951921752308, 0.9424046076313894, 0.9455615497793036, 0.9426893157644071, 0.9561301568855317, 0.9409686441925511, 0.956438736549809, 0.9523963208003873, 0.9406681070300814, 0.9430623919116669, 0.9375335120643432, 0.9537049534350115, 0.936251431479832, 0.9463208685162847, 0.9513651877133106, 0.9509134011992748, 0.9516223326512716, 0.9476614699331849, 0.9547511312217195]
Preds: [259, 296, 287, 481, 481, 293, 497, 122, 122, 8, 144, 208, 106, 106, 153, 387, 387, 387, 348, 348, 350, 350, 413, 348, 413, 250, 250, 250, 250, 250, 250, 250, 250, 250, 122, 195, 195, 195, 195, 117, 117, 117, 48, 414, 414, 197, 197, 225, 225, 225, 287, 437, 437, 284, 284, 284, 460, 206, 460, 167, 167, 35, 35, 77, 342, 36, 224, 267, 30, 207, 324, 301, 301, 339, 399, 10, 479, 473, 331, 290, 403, 403, 290, 403, 403, 171, 171, 171, 171, 434, 434, 252, 246, 246, 219, 219, 219, 324, 324, 301, 374, 374, 374, 374, 132, 132, 132, 274, 43, 43, 345, 345, 345, 100, 387, 387, 374, 313, 313, 313, 310, 310, 310, 107, 395, 213, 213, 213, 213, 213, 213, 246, 246, 246, 19, 454, 454, 414, 414, 414, 47, 47, 80, 80, 244, 320, 320, 7, 219, 219, 219, 152, 152, 152, 374, 374, 378, 43, 43, 276, 276, 276, 276, 138, 153, 153, 153, 182, 182, 182, 182, 182, 387, 387, 387, 387, 167, 167, 457, 219, 219, 219, 152, 152, 152, 132, 364, 364, 364, 364, 364, 364, 364, 364, 364, 276, 276, 153, 153, 153, 497, 497, 497, 43, 280, 280, 106, 106, 284, 284, 215, 215, 406, 467, 499, 499, 284, 460, 460, 169, 150, 150, 342, 342, 115, 273, 273, 470, 428, 428, 403, 403, 403, 146, 207, 358, 358, 358, 358, 54, 433, 433, 433, 160, 427, 427, 56, 247, 126, 126, 126, 23, 23, 408, 149, 149, 412, 287, 287, 287, 284, 284, 460, 460, 460, 167, 35, 35, 8, 345, 109, 374, 278, 324, 252, 252, 219, 325, 34, 324, 324, 324, 301, 301, 325, 473, 473, 398, 213, 213, 213, 213, 252, 252, 143, 310, 310, 107, 213, 213, 213, 213, 213, 213, 246, 246, 246, 246, 246, 454, 454, 197, 197, 197, 197, 197, 209, 209, 287, 287, 287, 287, 284, 284, 486, 428, 85, 85, 146, 146, 146, 146, 358, 358, 143, 35, 36, 310, 445, 219, 219, 219, 219, 477, 374, 374, 374, 374, 374, 132, 132, 132, 132, 132, 88, 335, 14, 14, 14, 287, 284, 284, 284, 284, 284, 284, 284, 215, 450, 450, 450, 88, 375, 452, 452, 452, 263, 414, 414, 414, 414, 170, 170, 244, 187, 187, 187, 187, 187, 392, 2, 63, 392, 63, 63, 63, 63, 73, 73, 73, 320, 321, 83, 83, 83, 83, 403, 443, 264, 94, 94, 314, 458, 280, 29, 346, 77, 467, 84, 84, 468, 406, 406, 42, 250, 42, 250, 250, 250, 217, 473, 473, 346, 346, 346, 213, 213, 213, 252, 252, 143, 310, 107, 107, 213, 213, 213, 213, 213, 213, 246, 246, 246, 246, 246, 454, 454, 197, 197, 197, 259, 209, 287, 287, 287, 284, 284, 460, 206, 167, 167, 35, 35, 77, 342, 86, 172, 224, 400, 267, 213, 213, 213, 213, 324, 324, 3, 464, 378, 14, 14, 411, 100, 481, 481, 293, 497, 497, 122, 43, 276, 276, 346, 346, 437, 468, 468, 468, 468, 468, 413, 413, 413, 250, 250, 250, 250, 250, 250, 381, 381, 138, 195, 195, 303, 303, 117, 117, 48, 414, 414, 312, 312, 187, 187, 187, 149, 149, 321, 321, 287, 287, 287, 287, 486, 460, 460, 460, 167, 169, 35, 342, 342, 224, 494, 324, 301, 301, 399, 217, 473, 473, 398, 476, 360, 434, 246, 246, 246, 246, 107, 395, 485, 485, 325, 34, 191, 324, 301, 301, 301, 325, 374, 374, 374, 374, 42, 43, 43, 43, 345, 345, 345, 109, 132, 374, 374, 374, 313, 313]

ep356
Train step Loss: [0.42587918043136597, 0.3518471419811249, 0.39552634954452515, 0.4359705150127411, 0.42941805720329285, 0.39258262515068054, 0.4198693633079529, 0.380736768245697, 0.4285221993923187, 0.37973320484161377, 0.3556780517101288, 0.4460179805755615, 0.40942665934562683, 0.4428940415382385, 0.40755414962768555, 0.4170045554637909, 0.3641786277294159, 0.39258086681365967, 0.38490724563598633, 0.39229121804237366, 0.3744974732398987, 0.44851574301719666, 0.35227862000465393, 0.40599074959754944, 0.4303928315639496, 0.4125104546546936, 0.397726446390152, 0.4456983506679535, 0.40882977843284607, 0.3771592378616333, 0.3978733420372009, 0.36928045749664307, 0.3773680031299591, 0.40563347935676575, 0.397113174200058, 0.3725025951862335, 0.4194880425930023, 0.3912157416343689, 0.3829764723777771, 0.41321954131126404, 0.40409862995147705, 0.42422887682914734, 0.4604836702346802, 0.4036023020744324, 0.3544115722179413, 0.39679819345474243, 0.37382158637046814, 0.3928534984588623, 0.4241796135902405, 0.3711264729499817, 0.3823586404323578, 0.3892209231853485, 0.4422459900379181, 0.41470298171043396, 0.3561698794364929, 0.3588733971118927, 0.3984363079071045, 0.39837953448295593, 0.4270611107349396, 0.34963375329971313, 0.39145776629447937, 0.38438624143600464, 0.3314445912837982, 0.3747943043708801, 0.3829791247844696, 0.3996049761772156, 0.3857558071613312, 0.4119497537612915, 0.408258318901062, 0.41207703948020935, 0.34878095984458923, 0.3916568458080292, 0.40752097964286804, 0.35881397128105164, 0.41316503286361694, 0.3761215806007385, 0.39359235763549805, 0.3720308840274811, 0.4306931793689728, 0.40848931670188904, 0.3985336422920227, 0.3706539571285248, 0.415483295917511, 0.42504698038101196, 0.38801562786102295, 0.40886273980140686, 0.38224291801452637, 0.37152400612831116, 0.43551599979400635, 0.38295766711235046, 0.4545707106590271, 0.4002482295036316, 0.3652588427066803, 0.4032248258590698, 0.3761385977268219, 0.40898120403289795, 0.3723946809768677, 0.3606087267398834]
val step Loss: [0.35713282227516174, 0.3401169180870056, 0.3278569281101227, 0.344181627035141, 0.36542460322380066, 0.35856863856315613, 0.34627988934516907, 0.34235918521881104, 0.38792604207992554, 0.40974918007850647, 0.38463544845581055, 0.3521738350391388, 0.3882247805595398, 0.3738621771335602, 0.3424876928329468, 0.3722715377807617, 0.3673401176929474, 0.3504573702812195, 0.3515811562538147, 0.37229323387145996, 0.34133079648017883, 0.3770969808101654, 0.34008023142814636, 0.33150699734687805, 0.4433773458003998]
Train step Accs: [0.9330724070450098, 0.9543951501791127, 0.9423565979090138, 0.9321894303363075, 0.9438380003164056, 0.9395964360587002, 0.934612031386225, 0.9426551453260016, 0.9345937659683189, 0.9460260972716489, 0.95, 0.92694644623428, 0.9377446647303953, 0.9297663303239512, 0.9395241749808135, 0.938544961590601, 0.9523495465787304, 0.9453136011275546, 0.9446952595936795, 0.943200215866163, 0.9467932873682842, 0.9277833500501504, 0.9501114827201784, 0.9345066358915176, 0.9321176627179556, 0.9406041986687148, 0.9447469783503786, 0.9329194427619625, 0.939159758325137, 0.9419336784664895, 0.9439128514647431, 0.9528765539173172, 0.9448081119240149, 0.9372384937238494, 0.9387794891791772, 0.9469436358825086, 0.9370546318289786, 0.9413485835882431, 0.944064793723108, 0.9382179882319978, 0.9384221619993978, 0.9312134977287476, 0.9245449207281269, 0.943534652168217, 0.9511738441595852, 0.9384348290598291, 0.9452742563072675, 0.94408272692455, 0.9331793909655073, 0.9459730581828604, 0.9467065868263473, 0.9453255963894261, 0.93202686035357, 0.9403928266438941, 0.955574912891986, 0.9507501136535839, 0.9418126428027418, 0.9417760617760618, 0.9369438478060755, 0.9529033201696651, 0.9397371998187585, 0.9450265755504935, 0.9534710589986972, 0.9452980946527351, 0.9441997063142438, 0.9390170812106683, 0.9452314882430262, 0.9391316685584563, 0.9401251117068812, 0.9364136732329085, 0.9508151038038177, 0.9399742746891525, 0.9364512119328776, 0.9475210606269853, 0.9335724309995322, 0.9459153334277219, 0.9421965317919075, 0.9464093034408344, 0.9390441839495041, 0.9382200460829493, 0.9382022471910112, 0.9492314201099986, 0.9338855892466396, 0.931712549159814, 0.9459088412959912, 0.9397327515680393, 0.9457299116533445, 0.9433281004709576, 0.9332672145083593, 0.949291975724882, 0.9234913793103449, 0.9391545391545392, 0.9477407943399261, 0.9412114898050306, 0.9412389918007895, 0.9410503751339764, 0.9431751611013474, 0.9472428419936373]
val step Accs: [0.9456489891590976, 0.9496382465597957, 0.9573620537031573, 0.9546809779367919, 0.9434917064942367, 0.9486847779215178, 0.9510008963250672, 0.9536895674300254, 0.9366130558183539, 0.9387290752478465, 0.9471908464133784, 0.9492718446601942, 0.9428613831997625, 0.9442327675788015, 0.9558823529411765, 0.9449146250927988, 0.9465083798882682, 0.9497314419501446, 0.9470588235294117, 0.9430159833217512, 0.9514317354848917, 0.9429211705773793, 0.9553290361265178, 0.9539562516878207, 0.9242424242424242]
Preds: [17, 17, 145, 111, 460, 460, 169, 150, 150, 54, 54, 54, 172, 172, 115, 400, 267, 267, 444, 213, 213, 246, 246, 246, 246, 246, 3, 3, 3, 14, 440, 287, 145, 111, 111, 111, 438, 438, 35, 239, 354, 420, 420, 213, 213, 213, 324, 324, 464, 464, 464, 464, 139, 139, 84, 139, 77, 43, 43, 364, 276, 276, 153, 153, 153, 182, 182, 182, 182, 182, 497, 497, 122, 122, 259, 14, 287, 437, 437, 284, 284, 284, 284, 206, 206, 206, 206, 215, 35, 259, 280, 364, 276, 364, 153, 153, 153, 153, 182, 182, 182, 497, 387, 122, 239, 285, 482, 374, 374, 374, 374, 374, 406, 337, 337, 324, 464, 464, 464, 180, 315, 315, 319, 450, 450, 413, 413, 413, 250, 250, 345, 345, 88, 88, 81, 81, 335, 335, 335, 188, 188, 188, 188, 324, 324, 324, 434, 434, 339, 33, 195, 195, 398, 398, 398, 398, 398, 398, 331, 106, 153, 153, 387, 387, 387, 387, 245, 167, 335, 14, 14, 287, 287, 284, 284, 284, 284, 284, 206, 206, 206, 167, 215, 35, 280, 29, 100, 100, 153, 153, 153, 182, 182, 182, 182, 182, 375, 98, 98, 229, 229, 312, 187, 187, 187, 391, 244, 244, 244, 321, 321, 287, 287, 287, 284, 486, 460, 460, 460, 460, 169, 35, 77, 449, 449, 451, 30, 464, 464, 464, 139, 139, 139, 450, 450, 450, 293, 175, 175, 175, 431, 431, 431, 355, 206, 206, 206, 215, 88, 280, 180, 443, 443, 443, 438, 438, 438, 325, 34, 114, 443, 443, 443, 443, 240, 240, 325, 34, 324, 324, 324, 324, 339, 339, 10, 10, 398, 398, 398, 398, 398, 374, 374, 132, 434, 434, 132, 3, 335, 197, 321, 259, 287, 437, 145, 486, 460, 460, 215, 215, 35, 29, 100, 100, 100, 497, 497, 497, 43, 43, 321, 259, 276, 276, 346, 346, 481, 387, 387, 387, 387, 17, 169, 240, 240, 240, 240, 240, 240, 240, 240, 240, 240, 240, 240, 240, 240, 240, 240, 240, 240, 240, 240, 240, 240, 240, 240, 240, 240, 240, 240, 240, 240, 240, 240, 240, 240, 240, 240, 240, 240, 240, 240, 240, 240, 240, 240, 240, 240, 240, 240, 240, 240, 240, 240, 240, 240, 240, 240, 240, 240, 240, 240, 240, 240, 240, 240, 240, 240, 240, 240, 240, 240, 240, 240, 240, 240, 240, 240, 240, 240, 240, 240, 240, 240, 240, 240, 240, 240, 240, 240, 240, 240, 240, 240, 240, 240, 240, 240, 240, 240, 240, 240, 240, 240, 240, 240, 240, 240, 240, 240, 240, 240, 240, 240, 240, 240, 240, 240, 240, 240, 240, 240, 240, 240, 240, 240, 240, 240, 240, 240, 240, 240, 240, 240, 240, 240, 240, 240, 240, 240, 240, 240, 240, 240, 240, 240, 240, 240, 240, 240, 240, 240, 240, 240, 240, 240, 240, 240, 240, 240, 240, 240, 240, 240, 240, 240, 240, 240, 240, 240, 240, 240, 240, 240, 240, 240, 240, 240, 240, 240, 240, 240, 240, 240, 240, 240, 240, 240, 240, 240, 240, 240, 240, 240, 240, 240, 240, 240, 240, 240, 240, 240, 240, 240, 240, 240, 240, 240, 240, 240, 240, 240, 240, 240, 240, 240, 240, 240, 240, 240, 240, 240, 240, 240, 240, 240, 240, 240, 240, 240, 240, 240, 240, 240, 240, 240, 240, 240, 240, 240, 240, 240, 240, 240, 240, 240, 240, 240, 240, 240, 240, 240, 240, 240, 240, 240, 240, 240, 240, 240, 240, 240, 240, 240, 240, 240, 240, 240, 240, 240, 240, 240, 240, 240, 240, 240, 240, 240, 240]

