ep239
Train step Loss: [1.0543261766433716, 1.084775447845459, 1.0117539167404175, 1.1331757307052612, 1.187613844871521, 1.1295911073684692, 1.0573142766952515, 1.1029424667358398, 1.1457496881484985, 1.1603869199752808, 1.112355351448059, 1.1516600847244263, 1.0816963911056519, 1.114155650138855, 1.2019959688186646, 1.0858434438705444, 1.0679751634597778, 1.1044265031814575, 1.1378339529037476, 1.107391357421875, 1.060519814491272, 1.1143038272857666, 1.069586157798767, 1.1098872423171997, 1.1764757633209229, 1.164919137954712, 1.047427773475647, 1.0692652463912964, 1.123783826828003, 1.1374934911727905, 1.0695545673370361, 1.1340408325195312, 1.1268351078033447, 1.1677793264389038, 1.1078121662139893, 1.1243791580200195, 1.0015445947647095, 1.1572962999343872, 1.1761326789855957, 1.1576664447784424, 1.0521817207336426, 1.1794427633285522, 1.1353471279144287, 1.040479063987732, 1.1160609722137451, 1.1815685033798218, 1.1949281692504883, 1.1247644424438477, 1.1769644021987915, 1.1787482500076294, 1.1313891410827637, 1.084776759147644, 1.0709153413772583, 1.1721479892730713, 1.1547843217849731, 1.174053430557251, 1.1568959951400757, 1.113084077835083, 1.1463449001312256, 1.1082817316055298, 1.0944368839263916, 1.1430326700210571, 1.0747711658477783]
val step Loss: [1.1022355556488037, 1.1613446474075317, 1.096564531326294, 1.052456021308899, 1.0691232681274414, 1.0078355073928833, 1.0456644296646118, 1.0421220064163208, 1.020263671875, 1.1242262125015259, 1.0540274381637573, 1.0842716693878174, 1.0710440874099731, 1.0873792171478271, 1.0784447193145752, 1.0002328157424927]
Train step Accs: [0.7800357873210634, 0.7735144819349059, 0.7842741935483871, 0.7605463347164592, 0.7568093385214008, 0.7635069556777742, 0.784534127843987, 0.773442967109867, 0.7628465179175118, 0.7540911747516073, 0.769501054111033, 0.7633991537376587, 0.7782006393667225, 0.7714706363487649, 0.7411979881115683, 0.7724211815120906, 0.7828660436137072, 0.7735219538235687, 0.7563037458096488, 0.7681550929604323, 0.7733598409542743, 0.769026156346978, 0.7840820767915436, 0.7702048947068867, 0.7451847173981686, 0.7504472271914132, 0.7864454094292804, 0.7786588921282799, 0.7684151785714286, 0.7678965162428341, 0.7777777777777778, 0.7663099758370728, 0.7719416689170943, 0.7483071603515343, 0.7670499291226965, 0.7697274031563845, 0.7946544980443285, 0.7560939135636309, 0.7535143769968051, 0.7591181715026747, 0.7837114273636748, 0.7543942247332078, 0.7662220890154353, 0.7866411692391749, 0.7749130022144891, 0.7555172953513852, 0.7500998003992015, 0.7719675657785868, 0.741520655843112, 0.7516102394715112, 0.7674330946098756, 0.7739007092198582, 0.7856025039123631, 0.7565584296459366, 0.7628403998621165, 0.7526132404181185, 0.761652845295968, 0.7785777255362915, 0.7562739887806318, 0.7727136879856545, 0.7747551686615887, 0.7627606038820992, 0.784394250513347]
val step Accs: [0.7761753677531007, 0.753574555004377, 0.7743558469278854, 0.779835390946502, 0.7801261291972047, 0.7983712863821445, 0.7855156891301469, 0.7844302481057792, 0.7947258848022207, 0.7624292007551919, 0.7840720221606648, 0.7736385161799526, 0.7763492300792345, 0.7814520870076426, 0.7813569872393402, 0.7983802216538789]
Preds: [17, 287, 287, 111, 111, 111, 468, 468, 468, 468, 337, 337, 337, 324, 464, 464, 464, 443, 315, 315, 315, 450, 450, 450, 450, 175, 175, 175, 331, 426, 319, 319, 319, 290, 290, 290, 434, 324, 219, 219, 219, 219, 219, 152, 152, 301, 301, 143, 251, 259, 354, 65, 428, 428, 428, 330, 330, 388, 94, 199, 371, 150, 150, 150, 388, 388, 34, 496, 117, 117, 212, 239, 107, 107, 107, 401, 75, 251, 251, 259, 441, 441, 100, 100, 424, 387, 387, 122, 240, 285, 34, 34, 180, 84, 84, 426, 426, 426, 319, 413, 348, 53, 117, 75, 259, 208, 287, 443, 285, 497, 43, 43, 75, 208, 208, 276, 153, 153, 387, 387, 122, 122, 88, 468, 467, 337, 337, 146, 464, 464, 464, 450, 282, 150, 150, 271, 150, 77, 342, 342, 224, 115, 267, 267, 171, 464, 464, 171, 171, 252, 416, 416, 75, 395, 395, 395, 106, 284, 486, 486, 486, 206, 206, 450, 175, 175, 241, 431, 331, 428, 428, 428, 428, 146, 207, 207, 454, 454, 229, 229, 170, 75, 312, 312, 187, 292, 292, 292, 292, 201, 392, 392, 392, 149, 149, 244, 321, 321, 320, 83, 83, 83, 301, 301, 150, 150, 150, 342, 342, 342, 115, 273, 444, 403, 403, 171, 171, 171, 252, 252, 416, 280, 114, 264, 264, 264, 264, 264, 264, 468, 468, 468, 467, 175, 496, 395, 395, 107, 107, 107, 208, 208, 354, 100, 100, 100, 375, 375, 375, 98, 98, 98, 48, 48, 414, 414, 170, 80, 80, 244, 244, 321, 320, 320, 219, 213, 213, 213, 213, 246, 416, 416, 32, 354, 180, 180, 443, 355, 355, 355, 355, 355, 263, 263, 263, 263, 13, 414, 170, 170, 170, 47, 47, 47, 392, 73, 244, 321, 321, 320, 320, 441, 345, 153, 153, 43, 43, 43, 43, 43, 345, 345, 276, 109, 88, 496, 496, 240, 88, 36, 310, 36, 54, 54, 338, 400, 400, 400, 213, 213, 19, 19, 19, 454, 197, 197, 197, 80, 321, 321, 83, 83, 301, 301, 150, 186, 54, 54, 77, 342, 342, 494, 494, 267, 267, 171, 464, 464, 464, 171, 171, 252, 422, 416, 349, 395, 395, 354, 106, 284, 284, 486, 460, 206, 175, 175, 175, 81, 81, 331, 403, 403, 403, 207, 207, 19, 454, 454, 229, 414, 170, 170, 170, 392, 392, 392, 392, 244, 392, 392, 392, 244, 80, 321, 321, 320, 7, 188, 188, 188, 188, 434, 434, 339, 250, 345, 398, 290, 374, 132, 10, 338, 473, 36, 310, 338, 338, 338, 400, 400, 444, 278, 278, 434, 434, 434, 339, 416, 250, 188, 434, 434, 434, 99, 76, 251, 259, 371, 371, 337, 337, 213, 213, 213, 464, 464, 464, 464, 450, 330, 330, 203, 94, 473, 473, 371, 371, 290, 171, 171, 252, 252, 143, 36, 310, 310, 36, 371, 371, 395, 434, 434, 464, 464, 120, 120, 120, 120, 120, 282, 282, 282, 203, 203, 203, 53, 53, 303, 250, 303, 276, 276, 65, 65, 426, 88, 88, 175, 175, 452, 263, 263, 263, 48, 414, 414, 170, 170, 244, 392, 392, 392, 392, 63, 63, 63, 63, 320, 320, 7, 7, 7, 7, 188, 278, 278, 278, 278, 278, 246, 246, 246, 246, 246, 246, 246, 252, 252, 143, 310, 310, 107, 107, 107, 400, 400, 420, 301, 301, 77, 84, 109, 180, 486, 486, 376, 376, 460, 460, 17, 240, 240, 240, 240, 240, 240, 240, 240, 240, 240, 240, 240, 240, 240, 240, 240, 240, 240, 240, 240, 240, 240, 240, 240, 240, 240, 240, 240, 240, 240]

ep240
Train step Loss: [1.0883359909057617, 1.0588065385818481, 1.1046923398971558, 1.0407785177230835, 1.165298581123352, 1.1353826522827148, 1.239475131034851, 1.0578148365020752, 1.1155811548233032, 1.065860390663147, 1.1525566577911377, 1.1372087001800537, 1.1024366617202759, 1.0668052434921265, 1.1126372814178467, 1.0922261476516724, 1.1369383335113525, 1.0731505155563354, 1.14561927318573, 1.123818278312683, 1.1109352111816406, 1.0489941835403442, 1.1253621578216553, 1.1487826108932495, 1.1512240171432495, 1.1396573781967163, 1.17633855342865, 1.1034375429153442, 1.0886105298995972, 1.084299087524414, 1.0357630252838135, 1.1629574298858643, 1.0839040279388428, 1.1750580072402954, 1.1189600229263306, 1.0861306190490723, 1.174928903579712, 1.1538904905319214, 1.0368554592132568, 1.1014461517333984, 1.151174545288086, 1.0393702983856201, 1.2007492780685425, 1.0995954275131226, 1.0520323514938354, 1.1046816110610962, 1.1125296354293823, 1.1229249238967896, 1.0881493091583252, 1.092427134513855, 1.102824091911316, 1.074785828590393, 1.1368738412857056, 1.183543086051941, 1.078425407409668, 1.1475555896759033, 1.0546036958694458, 1.098259449005127, 1.0777946710586548, 1.2216604948043823, 1.193612813949585, 1.1089653968811035, 1.037183165550232]
val step Loss: [1.046515703201294, 1.1067944765090942, 1.0312485694885254, 1.0753319263458252, 1.0384242534637451, 0.9989100694656372, 1.1187409162521362, 1.1145596504211426, 0.9683932662010193, 0.9869190454483032, 1.0985500812530518, 1.1060240268707275, 1.0743759870529175, 1.1040189266204834, 1.0621017217636108, 1.080870270729065]
Train step Accs: [0.7692563081009296, 0.7840620592383639, 0.7674926177943253, 0.7871774408087258, 0.7542449969678593, 0.7706794147472114, 0.7350788746137583, 0.7807907892743524, 0.7625237330217614, 0.779877341289574, 0.7573199683460828, 0.7649787398531117, 0.7738078291814947, 0.7891659501289768, 0.7675941080196399, 0.7779427044678641, 0.7678055190538765, 0.7703669864473884, 0.7685344154830654, 0.7663958212420198, 0.7823467389667118, 0.7847856154910097, 0.7613707165109034, 0.754863813229572, 0.7499603111605017, 0.7657518902268272, 0.7484993073726335, 0.7729962345346961, 0.7739550324430361, 0.7795562599049128, 0.7848480075602458, 0.759240615561628, 0.7766452749465207, 0.7432617633622659, 0.7626762676267627, 0.7786706847480328, 0.7580125165939693, 0.7549478773228584, 0.7908614232209737, 0.7761891668957932, 0.7558974358974359, 0.7886774036115178, 0.7570491221847845, 0.7725752508361204, 0.7858064516129032, 0.7662228215068262, 0.7628167924163282, 0.759986955812816, 0.7752299693374217, 0.7831513260530422, 0.7736058301647655, 0.7792642140468228, 0.7591434823382307, 0.7520648030495553, 0.7746932515337424, 0.7654066774525665, 0.7801352605755205, 0.7792343995804929, 0.7795690343176377, 0.7415061844371379, 0.7430010368834247, 0.7752545027407988, 0.7698123044838373]
val step Accs: [0.7773948010914835, 0.7709220832760753, 0.7953236782411447, 0.7739104566413804, 0.7860526315789473, 0.7920560747663551, 0.7620872641509434, 0.7723724560914413, 0.8010921727618733, 0.8042350907519447, 0.776851234156104, 0.7681870669745958, 0.7723863462421552, 0.7708485468088214, 0.784838497033619, 0.7750596658711217]
Preds: [17, 17, 309, 309, 354, 65, 278, 213, 360, 360, 252, 378, 8, 354, 420, 213, 213, 324, 324, 324, 301, 301, 8, 354, 109, 180, 443, 486, 486, 376, 460, 460, 167, 167, 35, 35, 35, 293, 10, 354, 109, 109, 290, 428, 171, 171, 171, 171, 171, 246, 246, 3, 3, 3, 3, 143, 197, 219, 219, 219, 219, 152, 152, 152, 374, 374, 378, 378, 43, 276, 276, 182, 182, 182, 100, 100, 100, 100, 100, 293, 293, 293, 293, 293, 14, 14, 287, 145, 486, 460, 460, 460, 169, 150, 150, 150, 54, 224, 224, 224, 219, 434, 434, 434, 374, 374, 468, 468, 468, 468, 468, 468, 467, 337, 337, 337, 337, 286, 286, 24, 239, 384, 384, 371, 371, 470, 278, 264, 264, 264, 120, 120, 120, 207, 416, 468, 468, 35, 414, 82, 80, 82, 321, 320, 217, 473, 473, 346, 346, 171, 171, 171, 252, 36, 246, 143, 107, 213, 324, 422, 36, 232, 342, 416, 434, 434, 301, 139, 139, 139, 84, 139, 293, 293, 293, 122, 8, 473, 276, 100, 153, 153, 153, 481, 387, 387, 122, 88, 88, 468, 413, 413, 413, 413, 53, 208, 208, 208, 208, 303, 208, 208, 208, 208, 208, 208, 48, 48, 17, 83, 240, 240, 240, 240, 240, 240, 240, 240, 240, 240, 240, 240, 240, 240, 240, 240, 240, 240, 240, 240, 240, 240, 240, 240, 240, 240, 240, 240, 240, 240, 240, 240, 240, 240, 240, 240, 240, 240, 240, 240, 240, 240, 240, 240, 240, 240, 240, 240, 240, 240, 240, 240, 240, 240, 240, 240, 240, 240, 240, 240, 240, 240, 240, 240, 240, 240, 240, 240, 240, 240, 240, 240, 240, 240, 240, 240, 240, 240, 240, 240, 240, 240, 240, 240, 240, 240, 240, 240, 240, 240, 240, 240, 240, 240, 240, 240, 240, 240, 240, 240, 240, 240, 240, 240, 240, 240, 240, 240, 240, 240, 240, 240, 240, 240, 240, 240, 240, 240, 240, 240, 240, 240, 240, 240, 240, 240, 240, 240, 240, 240, 240, 240, 240, 240, 240, 240, 240, 240, 240, 240, 240, 240, 240, 240, 240, 240, 240, 240, 240, 240, 240, 240, 240, 240, 240, 240, 240, 240, 240, 240, 240, 240, 240, 240, 240, 240, 240, 240, 240, 240, 240, 240, 240, 240, 240, 240, 240, 240, 240, 240, 240, 240, 240, 240, 240, 240, 240, 240, 240, 240, 240, 240, 240, 240, 240, 240, 240, 240, 240, 240, 240, 240, 240, 240, 240, 240, 240, 240, 240, 240, 240, 240, 240, 240, 240, 240, 240, 240, 240, 240, 240, 240, 240, 240, 240, 240, 240, 240, 240, 240, 240, 240, 240, 240, 240, 240, 240, 240, 240, 240, 240, 240, 240, 240, 240, 240, 240, 240, 240, 240, 240, 240, 240, 240, 240, 240, 240, 240, 240, 240, 240, 240, 240, 240, 240, 240, 240, 240, 240, 240, 240, 240, 240, 240, 240, 240, 240, 240, 240, 240, 240, 240, 240, 240, 240, 240, 240, 240, 240, 240, 240, 240, 240, 240, 240, 240, 240, 240, 240, 240, 240, 240, 240, 240, 240, 240, 240, 240, 240, 240, 240, 240, 240, 240, 240, 240, 240, 240, 240, 240, 240, 240, 240, 240, 240, 240, 240, 240, 240, 240, 240, 240, 240, 240, 240, 240, 240, 240, 240, 240, 240, 240, 240, 240, 240, 240, 240, 240, 240, 240, 240, 240, 240, 240, 240, 240, 240, 240, 240, 240, 240, 240, 240, 240, 240, 240, 240, 240, 240, 240, 240, 240, 240, 240, 240, 240, 240, 240, 240, 240, 240, 240, 240, 240, 240, 240, 240, 240, 240, 240]

ep241
Train step Loss: [1.1271332502365112, 1.1217353343963623, 1.0858393907546997, 1.115527868270874, 1.1120736598968506, 1.076772928237915, 1.1210049390792847, 1.142116904258728, 1.1319971084594727, 1.1200203895568848, 1.0679858922958374, 1.0684058666229248, 1.058062195777893, 1.0313377380371094, 1.121233344078064, 1.1821118593215942, 1.0268243551254272, 1.1749293804168701, 1.1452765464782715, 1.0692960023880005, 1.113815188407898, 1.0828750133514404, 1.0601245164871216, 1.148895263671875, 1.106934905052185, 1.0873366594314575, 1.2007741928100586, 1.0318944454193115, 1.107623815536499, 1.1810002326965332, 1.1311362981796265, 1.1503021717071533, 1.1637978553771973, 1.1353317499160767, 1.1046082973480225, 1.0387545824050903, 1.1189218759536743, 1.0480796098709106, 1.1196166276931763, 1.1096794605255127, 1.1063294410705566, 1.0849363803863525, 1.097785234451294, 1.0919440984725952, 1.0946439504623413, 1.0857564210891724, 1.0316845178604126, 1.113562822341919, 1.1423094272613525, 1.0718610286712646, 1.1588971614837646, 1.1876800060272217, 1.117351770401001, 1.0741286277770996, 1.0328123569488525, 1.0472592115402222, 1.0288053750991821, 1.0337769985198975, 1.064082145690918, 1.1564016342163086, 1.1810150146484375, 1.1964236497879028, 1.133799433708191]
val step Loss: [1.0286496877670288, 1.0943777561187744, 0.9840367436408997, 1.0844262838363647, 1.1066285371780396, 1.070672631263733, 1.0630455017089844, 1.0609171390533447, 1.0313533544540405, 0.9682849049568176, 1.0947219133377075, 1.0405120849609375, 1.0472379922866821, 1.067679762840271, 1.0780130624771118, 1.0742512941360474]
Train step Accs: [0.7677381986678251, 0.7834947246711953, 0.7820890033100405, 0.7711878407401289, 0.7680632411067194, 0.7838652482269504, 0.7707942914804671, 0.7530792917628946, 0.7665652467883706, 0.7645634984670001, 0.7803568837951546, 0.7784265070792585, 0.7836898395721925, 0.7836837678721614, 0.7680707228289132, 0.7529209199360473, 0.7813186813186813, 0.745349583066068, 0.759039629736766, 0.7829617599291304, 0.7757575757575758, 0.7793811752470099, 0.787306753458096, 0.761830767057494, 0.7638297872340426, 0.7870698966208919, 0.7434661994451744, 0.7912182522600086, 0.7700845665961945, 0.7522188272952132, 0.7646902772250962, 0.7583636965882743, 0.7583967340879569, 0.767561552371679, 0.775493192553487, 0.7893835616438356, 0.7700271554650373, 0.7737580993520519, 0.7644951140065147, 0.7708333333333334, 0.7732947824944145, 0.7749957990253739, 0.7772044316284717, 0.7771003717472119, 0.7760817812631284, 0.7719489414694894, 0.7916027833470928, 0.762334730732022, 0.7652352383959583, 0.7791711270836519, 0.7647705413575158, 0.7470588235294118, 0.7769535113748763, 0.7670291929021179, 0.7953600643690493, 0.791994957453514, 0.7879945429740791, 0.7797588724741042, 0.7824582518429367, 0.7545595054095827, 0.7586748312136913, 0.7549798203358937, 0.7676634899769964]
val step Accs: [0.7876904867583963, 0.779935821651748, 0.7997243913642628, 0.7769004282655246, 0.7714951909064413, 0.7843907227880722, 0.7884733292458614, 0.7841827221876942, 0.788376821416469, 0.805, 0.7677049180327868, 0.7852941176470588, 0.7896234082904362, 0.7821570859419466, 0.7814799389143412, 0.7849252761533463]
Preds: [17, 17, 296, 473, 473, 65, 330, 171, 171, 171, 171, 171, 252, 143, 183, 239, 239, 239, 338, 338, 338, 338, 338, 400, 400, 400, 400, 246, 246, 246, 19, 19, 19, 454, 454, 197, 80, 197, 7, 217, 217, 217, 217, 473, 473, 65, 290, 290, 278, 360, 434, 434, 416, 36, 99, 338, 338, 338, 338, 400, 400, 400, 400, 324, 324, 301, 301, 301, 301, 32, 32, 217, 217, 217, 473, 473, 65, 290, 290, 290, 290, 434, 434, 286, 339, 75, 310, 310, 107, 107, 395, 395, 395, 467, 467, 496, 496, 274, 274, 98, 98, 14, 259, 259, 441, 188, 188, 236, 290, 290, 290, 434, 434, 434, 434, 434, 434, 454, 14, 197, 197, 197, 320, 411, 441, 100, 100, 424, 182, 182, 497, 98, 43, 276, 276, 276, 153, 153, 153, 153, 481, 387, 387, 122, 88, 88, 406, 406, 467, 467, 236, 236, 207, 19, 454, 454, 229, 229, 170, 312, 126, 292, 292, 80, 80, 80, 408, 408, 408, 149, 321, 321, 83, 83, 145, 486, 486, 460, 460, 169, 150, 150, 342, 342, 342, 224, 224, 267, 150, 36, 66, 66, 434, 464, 464, 464, 171, 171, 171, 171, 252, 416, 416, 349, 354, 354, 106, 284, 284, 206, 206, 206, 206, 206, 175, 175, 239, 241, 431, 331, 319, 428, 428, 146, 207, 207, 358, 454, 454, 229, 312, 312, 312, 126, 23, 23, 47, 47, 47, 149, 149, 244, 321, 320, 320, 7, 7, 331, 331, 331, 467, 467, 467, 346, 139, 293, 293, 293, 122, 186, 186, 232, 232, 232, 482, 68, 115, 115, 267, 267, 267, 428, 428, 213, 213, 246, 246, 246, 246, 454, 197, 197, 197, 197, 7, 7, 7, 107, 107, 371, 54, 323, 224, 267, 267, 267, 213, 246, 246, 246, 246, 246, 3, 197, 197, 197, 197, 80, 244, 321, 320, 83, 83, 330, 301, 301, 186, 232, 232, 239, 259, 473, 398, 286, 264, 264, 264, 468, 468, 468, 468, 467, 467, 467, 467, 467, 497, 53, 10, 239, 208, 208, 208, 276, 345, 100, 100, 100, 413, 413, 413, 98, 98, 98, 98, 13, 414, 170, 170, 170, 47, 244, 392, 392, 244, 244, 320, 320, 320, 7, 219, 213, 213, 213, 213, 213, 246, 246, 246, 301, 8, 354, 354, 109, 109, 180, 84, 355, 355, 355, 355, 355, 263, 263, 263, 414, 414, 170, 244, 47, 47, 47, 73, 244, 80, 320, 320, 7, 345, 153, 153, 153, 43, 43, 43, 43, 43, 138, 276, 276, 276, 345, 109, 387, 122, 374, 313, 36, 239, 310, 107, 107, 107, 400, 400, 400, 400, 324, 246, 19, 454, 454, 229, 414, 414, 312, 187, 187, 187, 408, 20, 80, 321, 320, 83, 83, 145, 486, 460, 215, 169, 150, 150, 342, 342, 342, 342, 115, 267, 267, 150, 36, 464, 464, 464, 171, 3, 264, 240, 240, 416, 349, 338, 395, 106, 284, 284, 206, 206, 206, 206, 206, 293, 175, 175, 81, 426, 426, 428, 428, 264, 146, 207, 207, 454, 454, 229, 414, 414, 47, 187, 47, 47, 47, 320, 320, 320, 345, 441, 276, 424, 424, 424, 424, 424, 497, 497, 122, 122, 458, 208, 208, 276, 345, 144, 144, 144, 319, 319, 348, 348, 122, 117, 117, 197, 197, 321, 321, 209, 188, 188, 188, 171, 171, 171, 252, 252, 422, 143, 310, 338, 338, 338, 107, 400, 400, 213, 324, 301, 301, 99, 199, 354, 355, 355, 355, 355, 17, 240, 240, 240, 240, 240, 240, 240, 240, 240, 240, 240, 240, 240, 240, 240, 240, 240, 240, 240, 240, 240, 240]

ep242
Train step Loss: [1.134570837020874, 1.1672372817993164, 1.0887818336486816, 1.0536569356918335, 1.097509503364563, 1.110622525215149, 1.0262900590896606, 1.1344342231750488, 1.0773347616195679, 1.1279840469360352, 1.1003713607788086, 1.1143641471862793, 1.074293851852417, 1.0327458381652832, 1.2103885412216187, 1.1485236883163452, 1.0678468942642212, 1.0982325077056885, 1.1685763597488403, 1.087039828300476, 1.102600336074829, 1.1143978834152222, 1.0276026725769043, 0.9959446787834167, 1.1231170892715454, 1.1531883478164673, 1.0571179389953613, 1.0700017213821411, 1.0363612174987793, 1.06843101978302, 1.089888334274292, 1.1088250875473022, 1.1880420446395874, 1.0355433225631714, 1.061327576637268, 1.1605013608932495, 1.080342411994934, 1.1878355741500854, 1.125887393951416, 1.0910475254058838, 1.104776382446289, 1.1745589971542358, 1.1188780069351196, 1.2176364660263062, 1.1408700942993164, 1.1409507989883423, 1.170214056968689, 1.0991145372390747, 1.0898159742355347, 1.0579278469085693, 1.1335808038711548, 1.009031891822815, 1.1400257349014282, 1.0745854377746582, 1.1386308670043945, 1.1374765634536743, 1.0421440601348877, 1.0665709972381592, 1.095565915107727, 1.14956796169281, 1.0401341915130615, 1.0201548337936401, 1.0633301734924316]
val step Loss: [1.1299166679382324, 1.1235425472259521, 1.0698872804641724, 1.0117710828781128, 1.022787094116211, 1.0375540256500244, 1.037213921546936, 1.0157253742218018, 1.0702049732208252, 0.9817177057266235, 1.0770885944366455, 1.0689926147460938, 1.0312591791152954, 1.06531822681427, 1.0114818811416626, 1.0548118352890015]
Train step Accs: [0.7676842889054356, 0.7498692696531288, 0.778694563135406, 0.7844328703703703, 0.7744466237041188, 0.7698564593301436, 0.7921827690613817, 0.7622135754431474, 0.7747111681643132, 0.7762340634194181, 0.768853919239905, 0.769593400117855, 0.7761246900460503, 0.7764771460423634, 0.741308960339481, 0.7610931531002058, 0.7889908256880734, 0.7767829092051524, 0.7494446912483341, 0.7721613919304035, 0.7737617135207496, 0.7665198237885462, 0.793626960293627, 0.8007857974388825, 0.7638461538461538, 0.770736403016204, 0.7831230283911672, 0.7703092243186582, 0.7877153558052434, 0.7702134540750324, 0.7782630606416933, 0.7727000299670362, 0.7547832192381956, 0.7821738490954552, 0.7883398614040373, 0.7566804979253112, 0.7721603862142953, 0.751817968566737, 0.770880511522579, 0.7786490821600428, 0.7769278801123947, 0.7596618357487923, 0.7724409448818897, 0.750177683013504, 0.7670551670551671, 0.7523591649985703, 0.7470823898275561, 0.7726659673310355, 0.7701050456345789, 0.7973357281844036, 0.7626888217522658, 0.7981448763250883, 0.7629436165309571, 0.7798472464156505, 0.7667235171498957, 0.7564627994955864, 0.7822602928985908, 0.7856950067476384, 0.7789501803125417, 0.7547770700636943, 0.7914845394204306, 0.8019304508792807, 0.7931428571428571]
val step Accs: [0.7638611886717191, 0.7664233576642335, 0.7794570799706529, 0.7932405566600398, 0.7933660299432111, 0.7853099348995188, 0.7907528156490812, 0.7949197444288608, 0.7895602752019144, 0.8027713625866051, 0.7777186210568349, 0.7868852459016393, 0.7858992805755396, 0.781306088637305, 0.7897943640517898, 0.7877243518723687]
Preds: [17, 17, 287, 35, 167, 232, 251, 241, 217, 276, 276, 174, 331, 387, 240, 240, 175, 34, 34, 324, 301, 301, 251, 241, 431, 84, 84, 84, 496, 274, 75, 106, 106, 32, 239, 354, 354, 65, 100, 426, 426, 426, 182, 182, 182, 293, 375, 98, 98, 98, 197, 197, 197, 197, 7, 320, 354, 109, 346, 286, 468, 285, 34, 406, 34, 34, 337, 290, 290, 116, 10, 10, 10, 398, 398, 398, 324, 339, 10, 10, 10, 10, 479, 398, 374, 132, 132, 132, 132, 132, 132, 132, 132, 132, 132, 98, 13, 117, 197, 414, 197, 80, 80, 244, 209, 287, 413, 426, 387, 387, 75, 406, 406, 32, 354, 106, 106, 426, 426, 387, 387, 348, 413, 413, 250, 250, 250, 250, 132, 132, 132, 132, 132, 411, 208, 208, 117, 48, 48, 414, 414, 82, 244, 82, 244, 244, 209, 80, 80, 244, 80, 209, 188, 188, 171, 171, 171, 171, 171, 3, 3, 335, 14, 14, 259, 259, 441, 208, 145, 145, 443, 120, 120, 120, 120, 120, 37, 349, 349, 349, 349, 164, 452, 414, 414, 170, 312, 187, 187, 187, 392, 244, 392, 392, 392, 392, 392, 73, 73, 244, 244, 320, 219, 152, 152, 152, 378, 43, 43, 43, 276, 276, 276, 276, 174, 331, 182, 182, 182, 182, 182, 182, 182, 182, 14, 14, 215, 335, 14, 14, 259, 132, 287, 284, 111, 111, 169, 169, 219, 219, 219, 219, 219, 464, 464, 285, 84, 496, 406, 43, 43, 43, 138, 276, 276, 345, 345, 250, 132, 138, 236, 251, 36, 232, 342, 416, 219, 219, 464, 464, 180, 486, 460, 206, 240, 215, 35, 35, 406, 32, 354, 354, 420, 286, 286, 264, 468, 468, 468, 406, 337, 337, 324, 324, 324, 422, 416, 349, 349, 303, 217, 116, 354, 441, 138, 153, 153, 153, 83, 250, 413, 98, 98, 13, 414, 414, 414, 312, 187, 23, 23, 391, 80, 289, 7, 7, 32, 239, 239, 107, 395, 395, 445, 403, 403, 171, 171, 171, 171, 246, 246, 422, 416, 32, 32, 32, 354, 354, 180, 180, 486, 376, 376, 376, 460, 460, 167, 169, 35, 77, 77, 342, 342, 115, 267, 428, 213, 213, 324, 324, 252, 24, 310, 239, 310, 107, 395, 324, 143, 251, 251, 241, 431, 431, 331, 284, 376, 376, 376, 376, 376, 206, 206, 206, 452, 263, 17, 17, 240, 240, 240, 240, 240, 240, 240, 240, 240, 240, 240, 240, 240, 240, 240, 240, 240, 240, 240, 240, 240, 240, 240, 240, 240, 240, 240, 240, 240, 240, 240, 240, 240, 240, 240, 240, 240, 240, 240, 240, 240, 240, 240, 240, 240, 240, 240, 240, 240, 240, 240, 240, 240, 240, 240, 240, 240, 240, 240, 240, 240, 240, 240, 240, 240, 240, 240, 240, 240, 240, 240, 240, 240, 240, 240, 240, 240, 240, 240, 240, 240, 240, 240, 240, 240, 240, 240, 240, 240, 240, 240, 240, 240, 240, 240, 240, 240, 240, 240, 240, 240, 240, 240, 240, 240, 240, 240, 240, 240, 240, 240, 240, 240, 240, 240, 240, 240, 240, 240, 240, 240, 240, 240, 240, 240, 240, 240, 240, 240, 240, 240, 240, 240, 240, 240, 240, 240, 240, 240, 240, 240, 240, 240, 240, 240, 240, 240, 240, 240, 240, 240, 240, 240, 240, 240, 240, 240, 240, 240, 240, 240, 240, 240, 240, 240, 240, 240, 240, 240, 240, 240, 240, 240, 240, 240, 240, 240, 240, 240, 240, 240, 240, 240, 240, 240, 240, 240, 240, 240, 240, 240, 240, 240, 240, 240, 240, 240, 240, 240, 240, 240, 240]

ep243
Train step Loss: [1.093879222869873, 1.084014654159546, 1.067379355430603, 1.0817090272903442, 1.0019500255584717, 1.0912984609603882, 1.0241672992706299, 1.0430258512496948, 1.1088021993637085, 1.0781195163726807, 1.079598307609558, 1.0989372730255127, 1.1710200309753418, 0.9929967522621155, 1.0681135654449463, 1.1774988174438477, 1.1250287294387817, 1.1567665338516235, 1.0316247940063477, 1.1374201774597168, 1.0941472053527832, 1.0730763673782349, 1.0410164594650269, 1.0387638807296753, 1.1223583221435547, 1.1428738832473755, 1.141974687576294, 1.0670222043991089, 1.0824463367462158, 1.1131755113601685, 1.0940362215042114, 1.0870862007141113, 1.1570974588394165, 1.0880693197250366, 1.2327771186828613, 1.0395821332931519, 1.089059829711914, 1.0957484245300293, 1.0167820453643799, 1.085025668144226, 1.088588833808899, 1.1574647426605225, 1.067874789237976, 1.1394548416137695, 1.0999974012374878, 1.0654323101043701, 1.0985554456710815, 1.06550133228302, 1.0956672430038452, 1.1324129104614258, 1.0851234197616577, 1.138026237487793, 1.1526790857315063, 1.0935381650924683, 1.1025938987731934, 1.0596940517425537, 1.1419063806533813, 1.034043788909912, 1.0720794200897217, 1.1781864166259766, 1.1462783813476562, 1.025950312614441, 1.0598758459091187]
val step Loss: [0.9789562225341797, 1.0542272329330444, 1.0213561058044434, 1.041670322418213, 1.0467913150787354, 1.0603210926055908, 1.0556334257125854, 0.9929301738739014, 1.0079231262207031, 0.9954264163970947, 1.041277289390564, 1.0454199314117432, 1.1014269590377808, 1.1195396184921265, 1.0899341106414795, 1.0929272174835205]
Train step Accs: [0.7865600947306098, 0.7727479872398603, 0.7793063076247622, 0.7784605433376456, 0.798219584569733, 0.7800882167611847, 0.7973856209150327, 0.7799174690508941, 0.7639240506329114, 0.7739921976592978, 0.7855273287143957, 0.7713033598441812, 0.7509697439875873, 0.8001589825119236, 0.7800291781488086, 0.7491576819407008, 0.7708142726440989, 0.761307980409104, 0.7968727789623312, 0.7535511363636364, 0.7720246135374456, 0.7846869097777132, 0.7955542556303012, 0.7906775255588286, 0.7736964980544747, 0.7667680486633585, 0.7578898514851485, 0.783340919435594, 0.7764878569522284, 0.7670664206642066, 0.7797126686983021, 0.7738893925657299, 0.7640889386099846, 0.7743911123771543, 0.741118769883351, 0.783381829938571, 0.7757650369328174, 0.7840172786177105, 0.7938800869835353, 0.7742528735632184, 0.7737860244769048, 0.7657784011220197, 0.7765130483064964, 0.76152132945006, 0.7820642978003384, 0.7722019946176982, 0.7794871794871795, 0.7729900157645823, 0.7731809401159047, 0.7623568414707655, 0.7743037758414488, 0.7616345062429057, 0.7615463564830653, 0.7738693467336684, 0.7833511205976521, 0.7795094186204092, 0.7675462459194777, 0.7887242080790468, 0.7740048740861089, 0.7395921119163998, 0.7635630498533724, 0.7963483146067416, 0.7842119639442775]
val step Accs: [0.8071372343217004, 0.7877032029615323, 0.7961290322580645, 0.7955734406438632, 0.7838989998360387, 0.779986962190352, 0.7894456289978679, 0.795955277869122, 0.7899276572064552, 0.7959525471039777, 0.7839705882352941, 0.7875368007850834, 0.774112426035503, 0.7661615459474489, 0.7828282828282829, 0.7815275310834814]
Preds: [17, 17, 17, 17, 17, 17, 296, 392, 392, 392, 392, 392, 244, 249, 249, 461, 244, 249, 249, 249, 249, 249, 249, 249, 249, 249, 47, 47, 461, 461, 461, 461, 461, 461, 461, 461, 461, 461, 461, 211, 211, 211, 40, 40, 40, 461, 461, 211, 211, 244, 17, 435, 435, 435, 244, 244, 73, 73, 73, 244, 209, 287, 287, 111, 111, 111, 438, 219, 219, 219, 219, 152, 152, 378, 106, 88, 88, 297, 284, 284, 284, 284, 206, 206, 450, 43, 43, 43, 276, 276, 276, 276, 174, 387, 413, 348, 64, 239, 239, 384, 180, 443, 450, 240, 240, 35, 35, 35, 129, 384, 180, 180, 486, 486, 206, 206, 167, 35, 35, 164, 36, 219, 219, 219, 152, 374, 374, 132, 250, 186, 186, 36, 54, 54, 115, 106, 106, 387, 387, 348, 348, 10, 138, 345, 212, 43, 43, 129, 251, 259, 208, 208, 208, 276, 153, 153, 122, 406, 331, 331, 387, 387, 313, 116, 10, 10, 219, 398, 398, 324, 116, 10, 10, 309, 331, 88, 88, 346, 284, 428, 428, 146, 146, 219, 219, 219, 219, 219, 464, 301, 355, 8, 43, 43, 43, 276, 276, 276, 497, 497, 313, 129, 129, 259, 259, 371, 420, 213, 213, 422, 236, 143, 251, 251, 75, 371, 107, 107, 213, 213, 213, 213, 213, 246, 246, 19, 19, 454, 229, 414, 247, 126, 126, 126, 408, 149, 228, 244, 244, 289, 354, 180, 215, 240, 416, 349, 75, 445, 464, 171, 171, 171, 301, 8, 8, 32, 32, 239, 354, 420, 213, 213, 213, 213, 213, 213, 246, 246, 246, 246, 246, 246, 246, 19, 454, 414, 414, 414, 414, 414, 170, 170, 392, 392, 392, 392, 392, 392, 392, 63, 63, 63, 63, 63, 63, 73, 73, 73, 73, 244, 209, 188, 188, 171, 171, 171, 318, 99, 259, 208, 458, 36, 384, 34, 34, 34, 36, 32, 106, 354, 354, 420, 219, 213, 213, 213, 213, 318, 374, 374, 132, 132, 132, 132, 109, 313, 434, 99, 259, 338, 338, 400, 400, 324, 422, 143, 239, 384, 371, 180, 180, 315, 319, 203, 203, 53, 70, 70, 65, 65, 153, 387, 387, 406, 406, 406, 406, 467, 496, 100, 375, 375, 98, 98, 98, 13, 414, 414, 414, 414, 170, 170, 47, 392, 392, 392, 392, 392, 392, 392, 73, 73, 244, 320, 209, 441, 153, 153, 182, 43, 43, 43, 8, 239, 208, 345, 250, 374, 374, 374, 132, 132, 132, 411, 208, 208, 117, 48, 48, 414, 414, 414, 414, 414, 170, 170, 392, 392, 23, 23, 83, 240, 240, 240, 240, 240, 240, 240, 240, 240, 240, 240, 240, 240, 240, 240, 240, 240, 240, 240, 240, 240, 240, 240, 240, 240, 240, 240, 240, 240, 240, 240, 240, 240, 240, 240, 240, 240, 240, 240, 240, 240, 240, 240, 240, 240, 240, 240, 240, 240, 240, 240, 240, 240, 240, 240, 240, 240, 240, 240, 240, 240, 240, 240, 240, 240, 240, 240, 240, 240, 240, 240, 240, 240, 240, 240, 240, 240, 240, 240, 240, 240, 240, 240, 240, 240, 240, 240, 240, 240, 240, 240, 240, 240, 240, 240, 240, 240, 240, 240, 240, 240, 240, 240, 240, 240, 240, 240, 240, 240, 240, 240, 240, 240, 240, 240, 240, 240, 240, 240, 240, 240, 240, 240, 240, 240, 240, 240, 240, 240, 240, 240, 240, 240, 240, 240, 240, 240, 240, 240, 240, 240, 240, 240, 240, 240, 240, 240, 240, 240, 240, 240, 240, 240, 240, 240, 240, 240, 240, 240, 240, 240, 240, 240, 240, 240, 240, 240, 240, 240]

ep245
Train step Loss: [1.0448611974716187, 1.1314780712127686, 1.0871325731277466, 1.0800424814224243, 1.1034590005874634, 1.0792115926742554, 1.0672922134399414, 1.078287124633789, 1.0840743780136108, 1.0251880884170532, 1.0672577619552612, 1.1279523372650146, 1.106637716293335, 1.0788968801498413, 1.022552728652954, 1.0420072078704834, 1.033854603767395, 1.091671109199524, 1.0958802700042725, 1.0781636238098145, 1.1148988008499146, 1.0857787132263184, 0.9539692401885986, 1.0565707683563232, 1.1272263526916504, 1.089061975479126, 1.106717586517334, 1.0375386476516724, 1.0405910015106201, 1.1386770009994507, 1.1279020309448242, 1.1367748975753784, 1.1170448064804077, 1.0757137537002563, 1.0382083654403687, 1.0627180337905884, 1.171018123626709, 1.1605408191680908, 1.0541925430297852, 1.143460988998413, 1.1380386352539062, 1.11814284324646, 0.9976755380630493, 1.0709494352340698, 1.1037694215774536, 1.0488024950027466, 0.9625896215438843, 1.004573106765747, 1.130043387413025, 1.0235456228256226, 1.0686891078948975, 1.1493314504623413, 1.0596725940704346, 1.1263563632965088, 1.0509693622589111, 1.099244475364685, 1.0700280666351318, 1.067011833190918, 1.1302523612976074, 1.1372100114822388, 1.1101853847503662, 1.081222414970398, 1.0499945878982544]
val step Loss: [1.063372254371643, 1.0089176893234253, 1.025316596031189, 0.9784916043281555, 0.9957610964775085, 1.1073371171951294, 1.0039271116256714, 1.003808856010437, 0.9891953468322754, 1.032061219215393, 1.034050703048706, 1.0268778800964355, 1.0477842092514038, 1.0926399230957031, 1.0313091278076172, 1.106637716293335]
Train step Accs: [0.7798697621744054, 0.75710448183232, 0.7789864685592995, 0.7820284697508897, 0.7703923019985196, 0.7884761182714177, 0.7838188635708105, 0.7792065234436255, 0.7761638081904095, 0.8015373864430468, 0.7869127516778524, 0.7649876614893308, 0.7691115702479339, 0.7694185869067602, 0.8002546329042297, 0.7963081861958267, 0.7873709411940745, 0.7647429832860296, 0.7750508277664827, 0.7699544318682934, 0.7715652317334653, 0.7754061803122013, 0.8023116181326929, 0.7800183318056828, 0.7654935622317597, 0.7792841648590022, 0.7763193874760733, 0.7907778142435182, 0.7781965382467895, 0.7715406669684624, 0.7728388328333787, 0.7725752508361204, 0.7664952240999265, 0.7754445705637533, 0.7914675767918089, 0.7833973538198891, 0.7549710349146704, 0.7556136573362042, 0.7792275574112735, 0.7574089754445386, 0.7634956919289608, 0.7729376097016116, 0.8004115226337448, 0.7822838847385272, 0.7760263294647497, 0.7833566433566433, 0.807265541875665, 0.8017465910831929, 0.7616018505132283, 0.7990499496185404, 0.7801672640382318, 0.7694915254237288, 0.7866178936137784, 0.769600530416045, 0.7882752761257434, 0.7695073235685752, 0.7862339930151339, 0.7828631452581032, 0.768629328227222, 0.7735280831200121, 0.7717330342120022, 0.7831696232224014, 0.7902051621442753]
val step Accs: [0.7881720430107527, 0.7887779083431258, 0.7968918295122327, 0.8024614425923041, 0.7933134813210612, 0.7699915230291042, 0.801347414420976, 0.8027760829774253, 0.8075095785440614, 0.7861852433281005, 0.7915351506456241, 0.7899674267100977, 0.783629250677099, 0.776254331776405, 0.7878172588832487, 0.7766886852759429]
Preds: [17, 17, 309, 217, 473, 473, 398, 398, 464, 464, 443, 139, 315, 139, 450, 293, 293, 169, 349, 164, 183, 395, 395, 183, 278, 278, 152, 301, 143, 458, 458, 208, 354, 345, 100, 132, 132, 132, 411, 117, 48, 48, 48, 414, 414, 170, 170, 244, 170, 392, 392, 392, 63, 63, 63, 63, 63, 63, 73, 244, 321, 321, 321, 83, 83, 83, 301, 314, 36, 36, 338, 338, 338, 395, 400, 371, 444, 443, 443, 443, 264, 460, 178, 143, 143, 34, 445, 445, 451, 219, 213, 213, 213, 252, 464, 464, 215, 36, 36, 54, 342, 342, 342, 224, 267, 267, 267, 267, 213, 246, 246, 246, 246, 246, 246, 246, 301, 301, 251, 259, 354, 354, 106, 319, 319, 428, 264, 146, 240, 285, 77, 34, 34, 355, 355, 355, 452, 263, 263, 13, 13, 170, 170, 170, 392, 392, 392, 392, 392, 63, 63, 392, 392, 321, 320, 7, 7, 7, 309, 309, 479, 331, 331, 331, 331, 315, 284, 315, 319, 167, 282, 240, 240, 35, 34, 106, 106, 153, 153, 387, 387, 122, 313, 313, 337, 464, 464, 464, 464, 282, 282, 271, 271, 77, 77, 342, 342, 115, 273, 273, 444, 215, 315, 315, 315, 315, 315, 450, 240, 468, 468, 203, 467, 467, 467, 468, 175, 413, 98, 98, 303, 82, 82, 23, 324, 213, 213, 19, 19, 19, 19, 339, 82, 80, 80, 80, 80, 80, 80, 80, 80, 80, 401, 442, 442, 442, 442, 442, 63, 63, 73, 392, 321, 321, 321, 287, 287, 287, 284, 111, 111, 111, 240, 240, 240, 35, 285, 139, 106, 106, 106, 387, 387, 35, 337, 337, 464, 464, 464, 330, 282, 271, 271, 150, 77, 342, 115, 115, 273, 267, 271, 315, 315, 315, 450, 450, 450, 450, 450, 413, 413, 53, 53, 413, 186, 34, 34, 395, 77, 77, 36, 36, 36, 213, 213, 213, 213, 19, 19, 454, 454, 414, 414, 414, 170, 170, 392, 392, 392, 392, 392, 392, 392, 392, 244, 392, 63, 80, 80, 80, 80, 321, 321, 83, 287, 145, 486, 111, 111, 240, 240, 35, 285, 106, 106, 106, 387, 122, 468, 468, 467, 337, 464, 464, 464, 464, 282, 271, 271, 150, 77, 342, 115, 115, 273, 428, 271, 271, 315, 315, 315, 315, 450, 468, 468, 413, 413, 413, 413, 53, 76, 239, 75, 445, 445, 445, 445, 213, 213, 213, 213, 324, 246, 19, 19, 454, 454, 414, 170, 170, 170, 392, 392, 392, 392, 392, 392, 392, 149, 80, 63, 63, 63, 63, 321, 321, 320, 83, 83, 486, 460, 150, 150, 150, 77, 342, 115, 494, 273, 464, 464, 486, 486, 486, 376, 376, 460, 460, 240, 240, 314, 35, 34, 106, 106, 106, 106, 387, 387, 387, 122, 35, 467, 467, 236, 236, 150, 54, 452, 452, 321, 259, 83, 145, 486, 460, 282, 169, 150, 150, 342, 342, 115, 224, 267, 267, 150, 464, 464, 464, 264, 264, 264, 264, 264, 264, 468, 468, 468, 337, 337, 337, 324, 422, 422, 14, 145, 145, 145, 111, 206, 206, 146, 146, 207, 358, 358, 454, 414, 414, 321, 75, 17, 292, 292, 201, 408, 408, 292, 80, 321, 320, 7, 7, 188, 66, 236, 116, 10, 10, 473, 473, 371, 400, 278, 286, 286, 24, 114, 114, 145, 486, 111, 111, 240, 240, 240, 314, 34, 164, 164, 164, 77, 34, 302, 496, 496, 43, 497, 497, 497, 497, 313, 168, 34, 34, 34, 75, 75, 323, 114, 355, 355, 355, 355, 169, 169, 401, 400, 301, 240, 240, 240, 240, 240, 240, 240, 240, 240, 240]

ep246
Train step Loss: [1.0666124820709229, 1.0859123468399048, 1.0978705883026123, 1.152755856513977, 1.0306724309921265, 1.1433402299880981, 1.1464447975158691, 1.0681989192962646, 1.030167579650879, 1.150320053100586, 1.0744222402572632, 1.01529061794281, 1.0570318698883057, 1.0219790935516357, 1.0928101539611816, 1.0018126964569092, 1.1892577409744263, 1.0313302278518677, 1.158535361289978, 1.146205186843872, 0.9937768578529358, 1.019020676612854, 1.0756733417510986, 1.160119652748108, 1.025886058807373, 1.0989255905151367, 1.0798457860946655, 1.0321362018585205, 1.0412530899047852, 1.0962679386138916, 1.069598913192749, 1.0112617015838623, 1.0838261842727661, 1.048944354057312, 1.1250702142715454, 1.0902677774429321, 1.0667064189910889, 1.0835596323013306, 1.0741454362869263, 1.100005030632019, 1.0175672769546509, 1.072674036026001, 1.073844313621521, 1.135646939277649, 1.0154441595077515, 1.0895919799804688, 1.1235227584838867, 1.093467116355896, 0.9834328889846802, 1.0410627126693726, 1.1315040588378906, 1.0712544918060303, 1.1270307302474976, 0.970766544342041, 1.046929955482483, 1.1670383214950562, 1.0013422966003418, 1.0896276235580444, 1.0691606998443604, 1.0774650573730469, 1.133579969406128, 1.0785210132598877, 1.0903346538543701]
val step Loss: [1.0455185174942017, 1.0249965190887451, 1.0213485956192017, 1.0286335945129395, 0.9887871742248535, 1.053682565689087, 1.0474622249603271, 1.0334393978118896, 1.0266555547714233, 1.0101842880249023, 1.0929096937179565, 0.948090136051178, 0.9774203896522522, 0.9929758906364441, 1.1219475269317627, 1.0228968858718872]
Train step Accs: [0.7856543624161074, 0.7794956279305538, 0.7806146572104019, 0.7683151718357083, 0.7886951105574588, 0.7633043478260869, 0.7641008626410086, 0.7833949313621964, 0.7878312909660872, 0.7594760312151616, 0.7777943368107303, 0.793832741362609, 0.782935256121376, 0.7910384669578695, 0.7716902313624678, 0.7920937042459737, 0.7450029109256744, 0.7890925214306829, 0.7631196512191184, 0.7515291559059399, 0.7984737579816228, 0.7962458371177717, 0.7822962600032664, 0.7592249608206297, 0.7962540716612377, 0.7769120893390469, 0.772344747533372, 0.7864361702127659, 0.7877763328998699, 0.7708229839377381, 0.774375503626108, 0.8019543973941368, 0.7756841633019291, 0.7868999551368326, 0.7713512599357348, 0.7789256198347108, 0.7789207419898819, 0.782928870292887, 0.7760272860159169, 0.7756120380477156, 0.7922561429635145, 0.7753160062491123, 0.7832361068467916, 0.7662994938969931, 0.7910144020037571, 0.7668300653594772, 0.766798418972332, 0.7799484466151133, 0.8076174589936058, 0.7978607967756937, 0.7669928245270711, 0.785837057408044, 0.7684064022268615, 0.8070860231196517, 0.7871562826313957, 0.7569215557020436, 0.8006209037599172, 0.7740187463386058, 0.7817752100840336, 0.7815873942223519, 0.7644910274734, 0.7761008246460246, 0.7881286067600989]
val step Accs: [0.784039745381152, 0.7927553444180523, 0.7923460898502496, 0.7984369912080755, 0.8000501127536959, 0.7847106055536969, 0.7809182209469153, 0.7925396014307614, 0.7975086906141368, 0.8006430868167203, 0.778720238095238, 0.8146636432350718, 0.8076808573980351, 0.8005830131177951, 0.7722636626579388, 0.7859555984555985]
Preds: [17, 17, 17, 284, 284, 284, 206, 169, 169, 169, 349, 205, 348, 348, 261, 354, 354, 420, 324, 422, 236, 143, 239, 239, 239, 384, 371, 371, 213, 213, 213, 213, 213, 246, 246, 246, 246, 246, 246, 246, 19, 19, 454, 454, 414, 414, 414, 414, 414, 82, 187, 82, 201, 80, 244, 244, 209, 287, 287, 111, 111, 111, 146, 438, 146, 349, 349, 36, 54, 54, 232, 232, 342, 342, 342, 342, 115, 115, 115, 267, 267, 267, 213, 213, 213, 246, 246, 246, 246, 301, 301, 378, 43, 441, 276, 276, 276, 276, 138, 138, 182, 387, 98, 98, 98, 98, 197, 197, 197, 197, 320, 7, 250, 250, 276, 345, 109, 374, 313, 251, 251, 241, 431, 188, 278, 403, 120, 120, 207, 207, 207, 454, 197, 414, 414, 414, 414, 414, 414, 47, 244, 244, 392, 392, 392, 392, 392, 392, 392, 244, 373, 66, 66, 115, 115, 267, 213, 324, 324, 464, 464, 14, 14, 14, 287, 284, 284, 284, 206, 206, 175, 251, 251, 251, 251, 241, 431, 431, 284, 376, 376, 376, 376, 376, 206, 206, 167, 450, 35, 35, 414, 83, 360, 324, 422, 186, 99, 338, 338, 395, 395, 319, 224, 224, 224, 240, 240, 175, 251, 75, 241, 470, 403, 403, 403, 207, 207, 207, 207, 358, 416, 143, 36, 36, 164, 34, 371, 290, 422, 31, 31, 162, 342, 342, 168, 99, 219, 219, 219, 219, 219, 464, 464, 443, 403, 403, 403, 207, 207, 301, 8, 406, 406, 354, 106, 284, 406, 406, 240, 240, 24, 314, 32, 401, 259, 310, 473, 395, 374, 374, 132, 132, 132, 43, 8, 217, 70, 70, 65, 65, 319, 319, 319, 450, 406, 406, 406, 250, 250, 43, 259, 251, 259, 259, 345, 109, 109, 278, 264, 468, 406, 406, 467, 337, 337, 236, 116, 10, 10, 398, 398, 236, 116, 10, 10, 331, 331, 106, 153, 182, 387, 497, 497, 75, 406, 401, 259, 144, 354, 106, 153, 387, 387, 387, 406, 406, 406, 250, 250, 122, 88, 313, 251, 251, 241, 431, 106, 106, 153, 182, 182, 182, 182, 182, 375, 375, 98, 17, 23, 83, 240, 240, 240, 240, 240, 240, 240, 240, 240, 240, 240, 240, 240, 240, 240, 240, 240, 240, 240, 240, 240, 240, 240, 240, 240, 240, 240, 240, 240, 240, 240, 240, 240, 240, 240, 240, 240, 240, 240, 240, 240, 240, 240, 240, 240, 240, 240, 240, 240, 240, 240, 240, 240, 240, 240, 240, 240, 240, 240, 240, 240, 240, 240, 240, 240, 240, 240, 240, 240, 240, 240, 240, 240, 240, 240, 240, 240, 240, 240, 240, 240, 240, 240, 240, 240, 240, 240, 240, 240, 240, 240, 240, 240, 240, 240, 240, 240, 240, 240, 240, 240, 240, 240, 240, 240, 240, 240, 240, 240, 240, 240, 240, 240, 240, 240, 240, 240, 240, 240, 240, 240, 240, 240, 240, 240, 240, 240, 240, 240, 240, 240, 240, 240, 240, 240, 240, 240, 240, 240, 240, 240, 240, 240, 240, 240, 240, 240, 240, 240, 240, 240, 240, 240, 240, 240, 240, 240, 240, 240, 240, 240, 240, 240, 240, 240, 240, 240, 240, 240, 240, 240, 240, 240, 240, 240, 240, 240, 240, 240, 240, 240, 240, 240, 240, 240, 240, 240, 240, 240, 240, 240, 240, 240, 240, 240, 240, 240, 240, 240, 240, 240, 240, 240, 240, 240, 240, 240, 240, 240, 240, 240, 240, 240, 240, 240, 240, 240, 240, 240, 240, 240, 240, 240, 240, 240, 240, 240, 240, 240, 240, 240, 240, 240, 240, 240, 240, 240, 240, 240, 240]

ep247
Train step Loss: [1.0659010410308838, 1.073081374168396, 1.010743260383606, 1.1153093576431274, 1.1643003225326538, 1.0681184530258179, 1.0741188526153564, 1.0549867153167725, 1.1209709644317627, 1.107351541519165, 1.0413181781768799, 1.0345276594161987, 1.1036884784698486, 0.9905052185058594, 1.100024938583374, 1.124556541442871, 1.075952410697937, 1.016628623008728, 1.0716025829315186, 1.0249465703964233, 1.0697611570358276, 1.0032330751419067, 1.0546711683273315, 1.1398138999938965, 1.0557081699371338, 1.0740034580230713, 1.0798979997634888, 1.014351725578308, 1.0621751546859741, 1.0686249732971191, 1.0834482908248901, 0.9555308222770691, 1.0084519386291504, 1.044150710105896, 1.0644495487213135, 0.9913064241409302, 0.9937724471092224, 1.037040114402771, 1.0288832187652588, 1.0855268239974976, 1.0854592323303223, 1.0586036443710327, 1.1718826293945312, 1.134381890296936, 1.1230671405792236, 1.0766156911849976, 1.1697840690612793, 1.1039388179779053, 1.0000238418579102, 1.0816969871520996, 1.1229270696640015, 1.1254996061325073, 1.0573768615722656, 1.0413711071014404, 1.1038395166397095, 1.0293173789978027, 1.0176498889923096, 1.084962248802185, 1.0783687829971313, 1.1163265705108643, 1.1190073490142822, 1.0548499822616577, 1.0826654434204102]
val step Loss: [0.9150825142860413, 1.0353890657424927, 1.045893669128418, 1.0834091901779175, 1.0628012418746948, 1.0715241432189941, 0.9569838643074036, 1.0482537746429443, 0.9797769784927368, 1.0719517469406128, 0.9949272274971008, 1.0149985551834106, 1.0655241012573242, 0.9415270090103149, 1.0427049398422241, 1.038257360458374]
Train step Accs: [0.7905019537120529, 0.7878787878787878, 0.7983179942875278, 0.7738199684155115, 0.7636478384348375, 0.7750511247443763, 0.7792488127788171, 0.7863894139886578, 0.7703973891341909, 0.7723448166375615, 0.7955334987593052, 0.7974905164867231, 0.7768528893869057, 0.8015138772077376, 0.7736554501006615, 0.7813394390383515, 0.7761616161616162, 0.7937743190661478, 0.7738352805423337, 0.7988992379339542, 0.7723072261778519, 0.7996089931573802, 0.786560136966757, 0.7604544737257377, 0.7844790001453277, 0.784452296819788, 0.7765776009096077, 0.8035924617196702, 0.7853277209861695, 0.7774376243685902, 0.7814190264078905, 0.8078765300691857, 0.7839476623583852, 0.786872466479576, 0.7857142857142857, 0.8077447504772294, 0.7936096718480138, 0.798876404494382, 0.7895306859205776, 0.7729376097016116, 0.7720685111989459, 0.7926267281105991, 0.7498245614035087, 0.7630647795318454, 0.7767676767676768, 0.7792679078573682, 0.7564102564102564, 0.7671799258625606, 0.7931425332955512, 0.7790714597584049, 0.759119395789812, 0.7690359615059936, 0.786061125392745, 0.7960773777538958, 0.7796744739976181, 0.7921398684997011, 0.7915901885533122, 0.7730122071923458, 0.7837600585223117, 0.7627192346716916, 0.7691954726215968, 0.785645472061657, 0.7738863287250384]
val step Accs: [0.8109798471160529, 0.7899690924416971, 0.7806055287406757, 0.7810266406757634, 0.7827826086956522, 0.7896725440806045, 0.8110426159206647, 0.786164513079105, 0.8010899182561307, 0.7819912373470312, 0.8005563282336579, 0.7842097721736638, 0.7850661135597615, 0.8174528301886792, 0.7853285328532853, 0.792018581081081]
Preds: [17, 17, 320, 451, 213, 213, 213, 213, 213, 213, 19, 213, 213, 213, 252, 252, 374, 374, 346, 84, 84, 84, 84, 84, 100, 43, 43, 43, 276, 276, 174, 331, 331, 319, 319, 348, 348, 94, 331, 331, 284, 428, 428, 428, 146, 146, 169, 330, 186, 150, 54, 494, 494, 426, 106, 496, 424, 497, 497, 497, 122, 8, 219, 219, 219, 219, 213, 213, 213, 422, 143, 239, 445, 445, 213, 213, 213, 213, 213, 213, 213, 422, 143, 310, 384, 371, 371, 395, 286, 286, 286, 286, 264, 139, 139, 139, 139, 293, 293, 497, 497, 497, 497, 43, 411, 276, 153, 153, 153, 153, 153, 387, 387, 387, 182, 274, 250, 250, 250, 250, 250, 250, 303, 303, 303, 303, 303, 411, 117, 98, 48, 13, 414, 187, 187, 187, 20, 244, 321, 411, 287, 287, 287, 284, 284, 206, 206, 206, 167, 167, 35, 35, 77, 342, 342, 172, 115, 267, 267, 428, 213, 213, 213, 213, 246, 246, 246, 3, 3, 339, 335, 14, 287, 287, 287, 284, 284, 284, 284, 284, 284, 284, 206, 206, 206, 206, 206, 206, 285, 285, 35, 35, 139, 106, 106, 106, 153, 122, 406, 406, 406, 406, 467, 337, 337, 41, 41, 246, 246, 246, 434, 434, 19, 19, 19, 454, 454, 454, 414, 414, 414, 47, 244, 392, 392, 392, 244, 321, 287, 287, 287, 287, 284, 284, 206, 206, 167, 167, 35, 36, 36, 371, 219, 434, 434, 464, 139, 139, 139, 293, 293, 293, 497, 497, 43, 411, 411, 276, 153, 153, 153, 153, 153, 387, 387, 387, 387, 413, 413, 413, 250, 250, 250, 250, 250, 411, 411, 441, 411, 303, 303, 303, 303, 303, 48, 48, 414, 414, 414, 170, 244, 392, 392, 392, 244, 321, 321, 287, 287, 287, 287, 284, 284, 206, 206, 240, 167, 35, 35, 77, 54, 494, 428, 428, 324, 324, 434, 434, 301, 335, 217, 473, 331, 331, 264, 264, 264, 264, 264, 271, 290, 337, 337, 337, 434, 434, 434, 339, 186, 310, 384, 371, 278, 301, 301, 374, 251, 241, 241, 431, 106, 284, 284, 284, 206, 206, 206, 206, 206, 167, 282, 35, 34, 35, 224, 139, 467, 450, 450, 406, 406, 406, 406, 467, 337, 337, 41, 41, 246, 246, 246, 246, 19, 19, 19, 454, 454, 229, 414, 414, 187, 187, 187, 187, 320, 321, 320, 7, 320, 106, 106, 284, 284, 206, 206, 206, 167, 167, 35, 35, 36, 371, 395, 395, 180, 443, 139, 284, 284, 450, 450, 450, 293, 43, 43, 276, 345, 109, 109, 403, 403, 403, 207, 207, 207, 301, 416, 406, 467, 467, 34, 288, 139, 139, 171, 171, 434, 282, 282, 116, 10, 199, 345, 84, 84, 84, 84, 43, 43, 43, 276, 276, 276, 276, 182, 182, 182, 182, 182, 182, 375, 98, 98, 414, 414, 414, 187, 187, 244, 244, 321, 287, 287, 287, 287, 284, 206, 206, 167, 35, 35, 36, 36, 172, 219, 213, 324, 324, 324, 464, 464, 14, 14, 284, 284, 284, 206, 206, 206, 169, 169, 150, 99, 338, 338, 338, 395, 395, 374, 106, 43, 345, 473, 331, 337, 374, 337, 286, 286, 286, 464, 285, 443, 443, 106, 284, 284, 284, 206, 206, 206, 206, 206, 167, 167, 35, 35, 414, 414, 414, 80, 80, 80, 244, 321, 321, 320, 188, 188, 186, 443, 271, 271, 150, 150, 150, 54, 172, 224, 273, 444, 444, 278, 434, 271, 271, 271, 150, 150, 31, 172, 172, 172, 115, 273, 273, 444, 444, 286, 286, 264, 264, 264, 264, 120, 120, 120, 37, 468, 468]

ep248
Train step Loss: [1.0502796173095703, 1.1311944723129272, 1.0503344535827637, 1.0565646886825562, 1.0347979068756104, 1.0661497116088867, 1.1763769388198853, 1.108474850654602, 1.157513976097107, 1.020495891571045, 0.951543390750885, 1.1465485095977783, 1.030664324760437, 1.116768717765808, 1.0608184337615967, 1.0591068267822266, 1.1096512079238892, 1.0904759168624878, 1.007895827293396, 1.1339902877807617, 1.0504568815231323, 1.0536154508590698, 1.029536485671997, 0.992770791053772, 1.0706470012664795, 1.0869457721710205, 1.163501501083374, 1.0741980075836182, 1.075760841369629, 1.1152520179748535, 1.0634971857070923, 1.127073884010315, 1.0772892236709595, 1.0781170129776, 1.1092029809951782, 1.038653016090393, 1.0222294330596924, 1.0409859418869019, 1.1054705381393433, 1.0851173400878906, 1.1072584390640259, 1.0039910078048706, 1.1210819482803345, 1.0663306713104248, 1.032428503036499, 0.9778527021408081, 1.0741817951202393, 1.0872844457626343, 1.0446327924728394, 0.9814370274543762, 1.0163507461547852, 0.9992459416389465, 1.0605242252349854, 1.0210392475128174, 1.0546514987945557, 1.0704355239868164, 0.9973751902580261, 1.0341227054595947, 1.0340197086334229, 1.0166798830032349, 0.9962875843048096, 1.0769277811050415, 1.2564197778701782]
val step Loss: [1.003546118736267, 0.9624024629592896, 1.0171078443527222, 0.8979141116142273, 0.9956068396568298, 1.1390798091888428, 1.0044803619384766, 1.0328325033187866, 1.098098635673523, 1.0239430665969849, 1.0281202793121338, 1.041680932044983, 1.0338330268859863, 0.9631668329238892, 0.9469121098518372, 1.0393651723861694]
Train step Accs: [0.7841269841269841, 0.7516070545574419, 0.7773203592814372, 0.7829877930633599, 0.7892004153686397, 0.7879129734085415, 0.7583934088568486, 0.7785763175906913, 0.7564319566689235, 0.7913172842845551, 0.8066992323796232, 0.77292381094379, 0.7950116913484022, 0.7703037817730937, 0.7817566363798325, 0.7798612136424037, 0.7796395826746759, 0.7782681479226906, 0.7991195173650741, 0.7629076086956522, 0.7889770855174479, 0.7864340502331177, 0.795051027540892, 0.804838944760239, 0.7857893946222022, 0.7719425504134629, 0.7572022800801109, 0.781021897810219, 0.7816854678168547, 0.7685512367491166, 0.783297529538131, 0.7750291036088475, 0.7765685019206146, 0.7784666565855134, 0.776219603162763, 0.7909792284866469, 0.7805861373856412, 0.791376701966717, 0.7729145942873383, 0.7832778042202126, 0.7726906335644044, 0.7929794274205151, 0.7744010291043576, 0.7778641380382403, 0.7891647855530474, 0.813835350366054, 0.778796992481203, 0.7728459530026109, 0.7914392415972422, 0.8061383735044217, 0.7959275340619854, 0.7965634624736586, 0.7853736089030207, 0.8, 0.7850510677808727, 0.7859519408502773, 0.798473597359736, 0.7943571844095404, 0.790633608815427, 0.7881040892193308, 0.8026905829596412, 0.7794231264486222, 0.730332967435053]
val step Accs: [0.7946918852959122, 0.8118510314273848, 0.7986284289276808, 0.8178657395025408, 0.7932449494949495, 0.760463618802318, 0.7994802944997834, 0.7873644507307873, 0.773005148005148, 0.7929008873890764, 0.7859742441209406, 0.7884299985090204, 0.7962447844228094, 0.8134927412467976, 0.8187068827210011, 0.7949678800856531]
Preds: [17, 17, 296, 217, 473, 473, 65, 330, 403, 443, 171, 171, 240, 240, 143, 314, 32, 239, 239, 107, 107, 395, 395, 106, 84, 387, 387, 387, 167, 164, 164, 164, 278, 420, 422, 36, 99, 338, 338, 338, 395, 395, 371, 224, 486, 206, 403, 146, 219, 464, 464, 464, 464, 264, 355, 282, 43, 43, 138, 276, 276, 276, 276, 276, 346, 346, 284, 319, 319, 426, 450, 43, 250, 276, 109, 109, 403, 290, 290, 207, 207, 358, 337, 143, 239, 239, 384, 109, 180, 180, 486, 486, 376, 376, 376, 120, 120, 468, 468, 467, 467, 145, 486, 460, 460, 240, 169, 150, 36, 66, 232, 232, 115, 115, 273, 374, 374, 374, 374, 242, 116, 10, 10, 398, 398, 398, 398, 464, 286, 286, 286, 286, 286, 468, 406, 406, 175, 175, 132, 132, 132, 313, 473, 239, 310, 107, 107, 395, 180, 180, 403, 403, 403, 171, 246, 246, 246, 252, 143, 32, 239, 401, 384, 371, 420, 324, 236, 116, 10, 10, 199, 345, 371, 271, 458, 36, 342, 342, 342, 342, 115, 267, 267, 464, 464, 139, 315, 426, 450, 450, 450, 250, 250, 250, 345, 109, 290, 290, 464, 464, 169, 285, 175, 175, 81, 144, 144, 34, 236, 239, 310, 107, 395, 180, 180, 450, 169, 271, 143, 458, 244, 144, 208, 100, 100, 497, 143, 129, 197, 244, 144, 208, 354, 100, 100, 98, 98, 98, 98, 13, 229, 244, 312, 312, 312, 292, 23, 23, 23, 23, 23, 23, 23, 23, 408, 408, 149, 228, 73, 244, 244, 7, 188, 398, 398, 66, 63, 63, 320, 10, 345, 331, 132, 132, 122, 335, 293, 411, 188, 188, 278, 150, 271, 150, 54, 36, 232, 342, 342, 342, 115, 273, 267, 267, 120, 143, 239, 401, 77, 77, 54, 342, 342, 115, 115, 267, 267, 267, 213, 246, 464, 464, 464, 120, 271, 271, 271, 150, 150, 99, 436, 338, 338, 338, 75, 75, 427, 56, 56, 312, 312, 126, 292, 23, 23, 23, 149, 149, 244, 73, 73, 73, 244, 244, 289, 354, 354, 111, 111, 240, 8, 406, 239, 354, 420, 420, 355, 416, 164, 164, 302, 479, 331, 34, 34, 259, 251, 401, 401, 259, 354, 331, 284, 486, 460, 169, 150, 150, 150, 494, 99, 338, 319, 470, 403, 403, 207, 207, 120, 120, 416, 401, 401, 188, 278, 207, 422, 8, 239, 384, 371, 180, 84, 84, 467, 467, 467, 467, 88, 88, 88, 109, 109, 337, 337, 301, 301, 349, 349, 116, 116, 116, 354, 106, 284, 426, 167, 406, 467, 467, 139, 460, 169, 271, 35, 401, 401, 244, 320, 70, 65, 284, 486, 319, 282, 388, 388, 303, 64, 219, 219, 398, 464, 236, 116, 10, 10, 441, 199, 250, 250, 250, 250, 250, 32, 32, 309, 467, 467, 420, 420, 422, 236, 143, 36, 310, 107, 395, 384, 384, 395, 34, 34, 34, 374, 132, 132, 497, 98, 17, 83, 240, 240, 240, 240, 240, 240, 240, 240, 240, 240, 240, 240, 240, 240, 240, 240, 240, 240, 240, 240, 240, 240, 240, 240, 240, 240, 240, 240, 240, 240, 240, 240, 240, 240, 240, 240, 240, 240, 240, 240, 240, 240, 240, 240, 240, 240, 240, 240, 240, 240, 240, 240, 240, 240, 240, 240, 240, 240, 240, 240, 240, 240, 240, 240, 240, 240, 240, 240, 240, 240, 240, 240, 240, 240, 240, 240, 240, 240, 240, 240, 240, 240, 240, 240, 240, 240, 240, 240, 240, 240, 240, 240, 240, 240, 240, 240, 240, 240, 240, 240, 240, 240, 240, 240, 240, 240, 240, 240, 240]

ep249
Train step Loss: [1.0348995923995972, 1.1444709300994873, 1.0339967012405396, 1.0225551128387451, 1.0400328636169434, 1.0870832204818726, 0.9724997282028198, 1.062388300895691, 1.075737714767456, 1.0995911359786987, 1.0834686756134033, 1.1457748413085938, 1.022188663482666, 1.0814727544784546, 0.9772266149520874, 1.053800106048584, 1.1181871891021729, 1.1045758724212646, 1.1026818752288818, 1.093884825706482, 1.105196475982666, 1.0192159414291382, 1.1555973291397095, 1.0160242319107056, 1.0425416231155396, 1.0506210327148438, 1.042457103729248, 1.019020676612854, 1.1258553266525269, 1.1020838022232056, 1.114807367324829, 1.0321975946426392, 1.0288503170013428, 1.0429168939590454, 1.0425337553024292, 0.9991672039031982, 1.0611615180969238, 1.0358206033706665, 0.990432858467102, 1.0800920724868774, 1.0762029886245728, 1.058505654335022, 1.1296156644821167, 1.0699195861816406, 1.0353162288665771, 1.0313923358917236, 1.0466853380203247, 1.0444793701171875, 0.9830096960067749, 1.0350826978683472, 1.0292385816574097, 0.9340131282806396, 1.070644497871399, 1.0606145858764648, 0.9978833794593811, 0.9845961928367615, 1.1011762619018555, 1.0311412811279297, 1.105178952217102, 1.0610907077789307, 1.112606406211853, 1.0847363471984863, 1.046506404876709]
val step Loss: [0.9935740828514099, 1.0030323266983032, 0.9574604630470276, 0.9943479895591736, 1.0636076927185059, 0.9528060555458069, 1.0706866979599, 0.9966460466384888, 1.049203634262085, 1.0192482471466064, 0.956057608127594, 0.9956719875335693, 1.0412167310714722, 1.0660808086395264, 0.9508690237998962, 1.0027250051498413]
Train step Accs: [0.783562490344508, 0.7594272753047916, 0.7916791379826399, 0.7918329751304882, 0.78737647433854, 0.7789788790952935, 0.8143674507310871, 0.78846453624318, 0.7789140141149359, 0.782830429239269, 0.7808219178082192, 0.7625196850393701, 0.7996589940323956, 0.7795204343236314, 0.8053691275167785, 0.7781385281385281, 0.7834691501746216, 0.7693187387681751, 0.7721130221130221, 0.7677972918621799, 0.7681573104979385, 0.7945062586926287, 0.7711723679840584, 0.7990008815750808, 0.7948325944045253, 0.7842720510095643, 0.7874081496325985, 0.7998080351021527, 0.7665993071593533, 0.7763437594898269, 0.7757926927410269, 0.7859327217125383, 0.7973094170403587, 0.7910341132345061, 0.7925233644859813, 0.7933088106498511, 0.7858723135271808, 0.7889554794520548, 0.8046407185628742, 0.782225676901153, 0.773492500765228, 0.7916233476904797, 0.7659700607677487, 0.7889022919179735, 0.7918120805369128, 0.7769595810832924, 0.7841779611078373, 0.7834857059933247, 0.8056338028169014, 0.7881150847001882, 0.7886142983230362, 0.8193176357520423, 0.7877015491621878, 0.792825266048747, 0.7896425297891843, 0.8020466364703909, 0.7756574004507889, 0.7905229702398151, 0.7771200773133607, 0.7892097527234999, 0.7669551217548802, 0.7709409064830751, 0.7965288035450517]
val step Accs: [0.8045744515325969, 0.7914306463326071, 0.803808334633994, 0.8037425149700599, 0.7798703303488731, 0.8162052471372663, 0.7864696139635622, 0.8076146076146076, 0.7860622462787551, 0.7962601172202065, 0.8035335689045936, 0.8034373194685153, 0.7910798122065728, 0.7770459410505516, 0.8046886665671196, 0.8005115089514067]
Preds: [17, 17, 296, 217, 217, 217, 473, 473, 473, 65, 443, 443, 443, 240, 169, 349, 164, 164, 395, 354, 284, 206, 206, 206, 206, 167, 167, 35, 35, 35, 406, 107, 371, 337, 286, 286, 286, 286, 468, 468, 468, 468, 337, 337, 337, 337, 171, 19, 252, 339, 325, 398, 398, 324, 324, 324, 434, 339, 250, 250, 65, 106, 100, 100, 100, 100, 100, 293, 497, 497, 43, 35, 411, 276, 276, 153, 153, 153, 387, 387, 387, 387, 348, 348, 413, 250, 250, 250, 132, 250, 174, 313, 35, 35, 35, 348, 303, 303, 303, 303, 303, 303, 48, 48, 48, 414, 414, 170, 170, 170, 47, 392, 392, 392, 63, 320, 320, 320, 320, 7, 219, 398, 213, 360, 434, 434, 339, 10, 10, 250, 250, 132, 132, 122, 88, 88, 109, 174, 331, 331, 464, 464, 464, 403, 403, 171, 171, 171, 301, 301, 314, 239, 354, 354, 331, 355, 355, 403, 403, 403, 403, 171, 171, 171, 252, 252, 252, 24, 75, 75, 445, 180, 84, 84, 84, 424, 424, 424, 182, 43, 43, 43, 276, 276, 276, 153, 182, 182, 182, 182, 182, 182, 182, 375, 98, 98, 414, 414, 414, 414, 47, 80, 80, 392, 244, 321, 320, 320, 309, 309, 114, 331, 284, 284, 206, 206, 167, 167, 35, 35, 443, 443, 284, 284, 111, 206, 85, 146, 240, 146, 285, 443, 145, 145, 486, 315, 315, 450, 388, 348, 348, 250, 250, 122, 88, 88, 497, 497, 186, 186, 36, 232, 232, 172, 172, 115, 115, 267, 267, 267, 213, 213, 213, 213, 246, 246, 246, 246, 454, 197, 80, 259, 321, 287, 287, 287, 284, 486, 460, 460, 460, 178, 35, 35, 34, 34, 34, 444, 171, 171, 171, 171, 171, 252, 24, 310, 310, 310, 324, 324, 171, 171, 171, 171, 246, 246, 3, 19, 454, 454, 197, 197, 411, 309, 309, 398, 398, 398, 398, 464, 139, 139, 496, 88, 88, 313, 313, 236, 77, 310, 395, 395, 180, 180, 84, 84, 84, 496, 496, 293, 293, 250, 167, 35, 35, 414, 414, 414, 187, 187, 187, 187, 47, 392, 392, 244, 321, 320, 320, 7, 7, 217, 473, 473, 473, 400, 330, 171, 171, 252, 143, 143, 219, 219, 213, 213, 213, 213, 213, 213, 213, 219, 252, 252, 252, 324, 324, 301, 301, 374, 374, 374, 345, 139, 496, 497, 43, 43, 43, 43, 345, 345, 109, 109, 346, 374, 313, 313, 36, 36, 310, 54, 107, 107, 400, 213, 213, 213, 213, 246, 246, 246, 246, 19, 19, 339, 19, 301, 240, 240, 240, 240, 240, 240, 240, 240, 240, 240, 240, 240, 240, 240, 240, 240, 240, 240, 240, 240, 240, 240, 240, 240, 240, 240, 240, 240, 240, 240, 240, 240, 240, 240, 240, 240, 240, 240, 240, 240, 240, 240, 240, 240, 240, 240, 240, 240, 240, 240, 240, 240, 240, 240, 240, 240, 240, 240, 240, 240, 240, 240, 240, 240, 240, 240, 240, 240, 240, 240, 240, 240, 240, 240, 240, 240, 240, 240, 240, 240, 240, 240, 240, 240, 240, 240, 240, 240, 240, 240, 240, 240, 240, 240, 240, 240, 240, 240, 240, 240, 240, 240, 240, 240, 240, 240, 240, 240, 240, 240, 240, 240, 240, 240, 240, 240, 240, 240, 240, 240, 240, 240, 240, 240, 240, 240, 240, 240, 240, 240, 240, 240, 240, 240, 240, 240, 240, 240, 240, 240, 240, 240, 240, 240, 240, 240, 240, 240, 240, 240, 240, 240, 240, 240, 240, 240, 240, 240, 240, 240, 240, 240, 240, 240, 240, 240, 240, 240, 240, 240, 240, 240]

ep250
Train step Loss: [1.0174587965011597, 1.0980368852615356, 1.0558524131774902, 1.0487557649612427, 0.9775141477584839, 0.9758672118186951, 1.144378423690796, 1.1202312707901, 1.0395780801773071, 1.1088826656341553, 1.039764404296875, 1.082948088645935, 1.0580980777740479, 1.0355279445648193, 1.1193478107452393, 1.0488457679748535, 1.0700751543045044, 1.0426676273345947, 1.0260025262832642, 1.1287602186203003, 1.0326663255691528, 1.0071245431900024, 1.0170031785964966, 0.9319046139717102, 1.0451412200927734, 1.0963503122329712, 1.0558089017868042, 1.028924822807312, 1.0511146783828735, 1.0882822275161743, 0.9785659313201904, 1.1178102493286133, 1.0566465854644775, 1.0503982305526733, 1.0894702672958374, 0.9873087406158447, 1.1206609010696411, 1.0330020189285278, 1.1582621335983276, 1.0219002962112427, 0.9839233160018921, 1.1385979652404785, 1.0390452146530151, 1.058190941810608, 1.0061264038085938, 0.9781245589256287, 0.9767963290214539, 1.090284824371338, 1.0739614963531494, 1.0101138353347778, 1.0802415609359741, 1.0938631296157837, 1.0353026390075684, 1.064038872718811, 1.073311686515808, 1.0508252382278442, 1.0025620460510254, 1.0452909469604492, 1.1224427223205566, 1.090691328048706, 1.0036321878433228, 1.0571690797805786, 0.9804636240005493]
val step Loss: [0.9701230525970459, 0.9786888360977173, 0.9817325472831726, 1.0101174116134644, 0.9226827025413513, 1.0769637823104858, 0.9989714026451111, 1.0076978206634521, 1.0145320892333984, 1.021243929862976, 0.9297943115234375, 1.1059017181396484, 0.9692099690437317, 0.9744986295700073, 1.0340125560760498, 1.0206307172775269]
Train step Accs: [0.8032049479898791, 0.7675257731958763, 0.7866569978245105, 0.7894346342187268, 0.8071975719034542, 0.8095785991658278, 0.7594462540716612, 0.7731869401906963, 0.7889777270131354, 0.7725736359246741, 0.7907234446731043, 0.7721717329990598, 0.7847250788427259, 0.7974646655981349, 0.7719753486863444, 0.7826026443980515, 0.7790986515259049, 0.7796026904426717, 0.7860920970752956, 0.7696191575302943, 0.797994085122798, 0.7965124261979953, 0.7932785660941001, 0.8146297719702793, 0.787118544600939, 0.7762736017100107, 0.7904964075767472, 0.7932326283987915, 0.7886262924667652, 0.7721455875020774, 0.804466303336435, 0.7749849488260084, 0.7779049799656554, 0.7932411674347158, 0.7858421480878763, 0.7998244073748902, 0.7698484848484849, 0.7916572717023675, 0.7558776736786282, 0.799263028601509, 0.8035457594633445, 0.7609624145785877, 0.7934961786303012, 0.7819121447028424, 0.8013086498563677, 0.8024266273159535, 0.8083182640144665, 0.7770961145194274, 0.791464851420343, 0.8030176026823135, 0.7734623159110597, 0.7727272727272727, 0.7937888198757764, 0.7813891362422084, 0.7821556496255292, 0.7798076923076923, 0.7952327627579587, 0.7924358397118415, 0.7715683367921732, 0.7775590551181102, 0.8035214085634254, 0.7948041404505785, 0.8055384615384615]
val step Accs: [0.7997595511621693, 0.8091866973987487, 0.8069343606460216, 0.802127349555588, 0.8192278576835731, 0.7822394759189616, 0.8047065576122829, 0.7881468376824414, 0.787551744529864, 0.7929078014184398, 0.8155594405594405, 0.7719355898784095, 0.8101867016049787, 0.8074650912996778, 0.7904653154439052, 0.8090128755364807]
Preds: [17, 17, 188, 30, 30, 301, 301, 378, 75, 114, 331, 331, 284, 284, 319, 319, 240, 348, 348, 75, 75, 479, 331, 331, 84, 84, 84, 153, 153, 182, 182, 182, 182, 182, 387, 387, 387, 293, 167, 167, 146, 219, 219, 324, 301, 301, 43, 345, 345, 109, 109, 109, 139, 139, 428, 443, 146, 240, 240, 77, 183, 183, 420, 324, 324, 301, 339, 10, 199, 331, 331, 84, 84, 424, 424, 182, 182, 182, 182, 182, 182, 182, 182, 182, 182, 43, 346, 346, 346, 284, 206, 206, 206, 206, 206, 167, 167, 35, 35, 116, 188, 278, 278, 171, 171, 171, 416, 416, 349, 485, 464, 464, 464, 171, 171, 171, 171, 252, 143, 143, 239, 219, 219, 219, 213, 213, 213, 213, 213, 213, 246, 246, 246, 246, 301, 301, 43, 43, 345, 345, 109, 109, 374, 374, 337, 171, 171, 171, 171, 246, 246, 246, 3, 3, 3, 339, 259, 259, 398, 443, 284, 284, 460, 460, 460, 169, 169, 77, 395, 354, 451, 420, 324, 324, 422, 143, 14, 14, 411, 411, 100, 100, 100, 497, 122, 88, 345, 345, 496, 496, 496, 497, 98, 98, 229, 229, 247, 312, 312, 187, 187, 187, 149, 80, 321, 321, 7, 7, 309, 374, 374, 374, 374, 374, 132, 132, 132, 132, 132, 132, 219, 219, 213, 213, 213, 213, 213, 213, 324, 3, 3, 14, 14, 287, 287, 284, 284, 111, 111, 85, 146, 146, 146, 219, 219, 219, 219, 219, 246, 246, 416, 374, 374, 374, 374, 132, 132, 132, 132, 212, 34, 77, 371, 114, 180, 443, 443, 443, 85, 120, 120, 468, 468, 468, 468, 467, 467, 486, 284, 284, 284, 284, 206, 206, 206, 167, 167, 35, 35, 293, 473, 10, 354, 420, 420, 398, 464, 464, 171, 171, 252, 358, 77, 36, 36, 164, 172, 172, 172, 115, 267, 267, 267, 213, 213, 213, 246, 246, 246, 246, 246, 246, 19, 19, 19, 17, 301, 240, 240, 240, 240, 240, 240, 240, 240, 240, 240, 240, 240, 240, 240, 240, 240, 240, 240, 240, 240, 240, 240, 240, 240, 240, 240, 240, 240, 240, 240, 240, 240, 240, 240, 240, 240, 240, 240, 240, 240, 240, 240, 240, 240, 240, 240, 240, 240, 240, 240, 240, 240, 240, 240, 240, 240, 240, 240, 240, 240, 240, 240, 240, 240, 240, 240, 240, 240, 240, 240, 240, 240, 240, 240, 240, 240, 240, 240, 240, 240, 240, 240, 240, 240, 240, 240, 240, 240, 240, 240, 240, 240, 240, 240, 240, 240, 240, 240, 240, 240, 240, 240, 240, 240, 240, 240, 240, 240, 240, 240, 240, 240, 240, 240, 240, 240, 240, 240, 240, 240, 240, 240, 240, 240, 240, 240, 240, 240, 240, 240, 240, 240, 240, 240, 240, 240, 240, 240, 240, 240, 240, 240, 240, 240, 240, 240, 240, 240, 240, 240, 240, 240, 240, 240, 240, 240, 240, 240, 240, 240, 240, 240, 240, 240, 240, 240, 240, 240, 240, 240, 240, 240, 240, 240, 240, 240, 240, 240, 240, 240, 240, 240, 240, 240, 240, 240, 240, 240, 240, 240, 240, 240, 240, 240, 240, 240, 240, 240, 240, 240, 240, 240, 240, 240, 240, 240, 240, 240, 240, 240, 240, 240, 240, 240, 240, 240, 240, 240, 240, 240, 240, 240, 240, 240, 240, 240, 240, 240, 240, 240, 240, 240, 240, 240, 240, 240, 240, 240, 240, 240, 240, 240, 240, 240, 240, 240, 240, 240, 240, 240, 240, 240, 240, 240, 240, 240, 240, 240, 240, 240, 240, 240, 240, 240, 240, 240, 240, 240, 240, 240, 240, 240, 240]

ep251
Train step Loss: [1.1040284633636475, 1.0631918907165527, 1.0951389074325562, 1.0929738283157349, 1.0063865184783936, 1.0228718519210815, 1.0748741626739502, 0.9998703002929688, 1.0805214643478394, 0.9831908941268921, 1.0285048484802246, 1.098212480545044, 0.9805871248245239, 1.046623706817627, 1.0860830545425415, 1.0447074174880981, 1.070290446281433, 1.0472921133041382, 1.0292779207229614, 1.1422175168991089, 1.0170234441757202, 1.0536422729492188, 1.053404450416565, 0.9796383380889893, 0.9719781279563904, 1.1517887115478516, 0.9881300330162048, 1.0421421527862549, 1.0494519472122192, 1.070849061012268, 1.053428053855896, 0.9975124597549438, 1.0335699319839478, 1.034816026687622, 1.0370643138885498, 1.047196626663208, 1.0379390716552734, 1.0542196035385132, 1.123234748840332, 0.9399516582489014, 0.9870079755783081, 0.9843467473983765, 1.0894250869750977, 1.046722173690796, 1.021860122680664, 0.9840596914291382, 1.0483777523040771, 1.1328990459442139, 1.0524038076400757, 1.056907296180725, 1.0519959926605225, 1.0631266832351685, 1.0132348537445068, 1.100886583328247, 0.9882116317749023, 1.084771990776062, 1.0190937519073486, 1.0693981647491455, 0.9993714690208435, 1.0317997932434082, 1.0905674695968628, 0.9997609257698059, 1.0379422903060913]
val step Loss: [0.9576337337493896, 0.9928958415985107, 0.9886370897293091, 0.9793976545333862, 1.027853012084961, 1.0150794982910156, 0.9160271286964417, 1.0371159315109253, 1.0007340908050537, 1.0243890285491943, 0.984682023525238, 0.991499662399292, 0.974981963634491, 0.9771251082420349, 1.0493361949920654, 1.1254160404205322]
Train step Accs: [0.774025296648846, 0.7876297577854672, 0.7692002118644068, 0.7749923100584436, 0.7957953063885267, 0.7924977671926169, 0.7788783907345321, 0.7973593570608496, 0.7849050316561146, 0.7961945031712474, 0.7857801184990125, 0.7738603498140751, 0.8019308626596076, 0.7883264018356518, 0.7787824758023434, 0.7858493113691601, 0.7854583457748582, 0.796711509715994, 0.7935256625293525, 0.7628002528445006, 0.8045513234344739, 0.8007979902467859, 0.7959459459459459, 0.8020360434722795, 0.8134981252603805, 0.7626191989828354, 0.8070519098922625, 0.7957029777610253, 0.7817292006525286, 0.7814465408805031, 0.7915222187204538, 0.8017558187015108, 0.7976940814757879, 0.7784600066379024, 0.7850576389902233, 0.7783044420368364, 0.8008910738976801, 0.7909967845659164, 0.7609307840521713, 0.8160196828868234, 0.8017614569338707, 0.8014057125766413, 0.7775239183207197, 0.7880352262374735, 0.7940121907493726, 0.8126466753585397, 0.7926863972680706, 0.7628373930217248, 0.7863273157738976, 0.7819683908045977, 0.7865168539325843, 0.7879548306148055, 0.7991120976692564, 0.7692307692307693, 0.8004320372216683, 0.7821969696969697, 0.8015873015873016, 0.7807092684598252, 0.8038740920096852, 0.7902023429179978, 0.7762137902896776, 0.7965451055662188, 0.7727272727272727]
val step Accs: [0.8050676648430751, 0.7984002611818478, 0.806203678287126, 0.7991316931982634, 0.7957371225577264, 0.7907214986096883, 0.8142477737853461, 0.784571519087597, 0.8114341627061784, 0.7949687174139729, 0.8041547997989613, 0.8057607090103397, 0.8076062639821029, 0.8015586664742387, 0.7850612118394545, 0.7696713147410359]
Preds: [17, 17, 83, 287, 403, 403, 171, 171, 171, 464, 171, 171, 171, 171, 252, 325, 34, 34, 171, 171, 171, 301, 301, 77, 232, 139, 139, 54, 77, 467, 467, 406, 406, 406, 406, 250, 250, 250, 250, 250, 250, 250, 250, 250, 250, 250, 122, 122, 138, 138, 338, 117, 117, 197, 197, 197, 197, 414, 321, 209, 287, 287, 287, 284, 284, 206, 206, 206, 167, 167, 167, 77, 342, 355, 494, 172, 115, 267, 267, 267, 213, 213, 324, 464, 464, 378, 106, 100, 100, 100, 100, 497, 497, 497, 497, 122, 276, 276, 106, 106, 346, 387, 387, 122, 88, 406, 406, 406, 467, 337, 278, 282, 434, 434, 246, 246, 246, 434, 19, 19, 19, 454, 454, 48, 414, 414, 414, 244, 244, 392, 392, 392, 392, 392, 392, 392, 392, 63, 63, 63, 63, 63, 63, 73, 73, 321, 321, 320, 7, 451, 219, 152, 152, 360, 301, 301, 378, 250, 250, 250, 276, 276, 153, 153, 153, 413, 182, 182, 182, 35, 426, 426, 426, 387, 387, 167, 167, 172, 35, 219, 219, 219, 219, 152, 152, 374, 374, 132, 132, 250, 138, 138, 138, 138, 138, 276, 276, 276, 153, 182, 182, 182, 182, 182, 182, 182, 182, 182, 182, 182, 182, 182, 122, 441, 276, 276, 100, 497, 43, 43, 43, 138, 276, 153, 153, 153, 387, 387, 406, 122, 313, 406, 331, 331, 213, 213, 213, 213, 213, 246, 246, 246, 301, 143, 8, 106, 106, 84, 355, 355, 355, 355, 267, 267, 355, 35, 35, 35, 414, 247, 312, 187, 187, 187, 187, 187, 149, 149, 244, 73, 244, 321, 321, 83, 83, 83, 301, 264, 171, 240, 416, 349, 349, 107, 384, 467, 467, 467, 355, 172, 496, 496, 496, 250, 250, 250, 250, 250, 250, 250, 250, 250, 313, 132, 122, 88, 77, 34, 278, 213, 213, 213, 422, 36, 36, 36, 54, 224, 224, 172, 342, 301, 301, 251, 241, 241, 431, 431, 180, 284, 284, 284, 284, 206, 206, 206, 206, 206, 263, 35, 35, 414, 312, 312, 187, 187, 80, 20, 20, 321, 320, 320, 287, 287, 378, 195, 182, 182, 182, 387, 387, 387, 387, 167, 35, 388, 188, 360, 236, 290, 301, 8, 75, 384, 331, 338, 278, 278, 236, 416, 349, 14, 14, 287, 287, 284, 284, 284, 284, 284, 206, 206, 206, 206, 206, 167, 167, 35, 35, 443, 443, 443, 284, 284, 206, 169, 150, 150, 232, 494, 494, 290, 116, 399, 70, 70, 70, 65, 174, 355, 494, 88, 88, 88, 406, 406, 406, 313, 313, 36, 290, 54, 172, 324, 301, 301, 8, 374, 374, 374, 132, 132, 43, 43, 43, 345, 345, 345, 331, 34, 313, 313, 36, 36, 310, 323, 107, 400, 400, 400, 213, 213, 246, 246, 246, 19, 19, 19, 339, 19, 301, 240, 240, 240, 240, 240, 240, 240, 240, 240, 240, 240, 240, 240, 240, 240, 240, 240, 240, 240, 240, 240, 240, 240, 240, 240, 240, 240, 240, 240, 240, 240, 240, 240, 240, 240, 240, 240, 240, 240, 240, 240, 240, 240, 240, 240, 240, 240, 240, 240, 240, 240, 240, 240, 240, 240, 240, 240, 240, 240, 240, 240, 240, 240, 240, 240, 240, 240, 240, 240, 240, 240, 240, 240, 240, 240, 240, 240, 240, 240, 240, 240, 240, 240, 240, 240, 240, 240, 240, 240, 240, 240, 240, 240, 240, 240, 240, 240, 240, 240, 240, 240, 240, 240, 240, 240, 240, 240, 240, 240, 240, 240, 240, 240, 240, 240, 240, 240, 240, 240, 240, 240, 240, 240, 240, 240, 240, 240, 240, 240]

ep252
Train step Loss: [1.023796796798706, 1.1018507480621338, 1.0641226768493652, 1.1001203060150146, 1.019221305847168, 0.998591423034668, 1.1103218793869019, 1.0351464748382568, 1.084357500076294, 0.9831146597862244, 1.1345096826553345, 1.0124385356903076, 1.0625360012054443, 1.0265525579452515, 1.0277268886566162, 0.959000825881958, 1.1085567474365234, 1.0132043361663818, 0.9821824431419373, 1.0330263376235962, 1.0593147277832031, 0.9936801195144653, 0.9435336589813232, 1.0841925144195557, 1.1177159547805786, 1.1211068630218506, 0.998549222946167, 1.0318084955215454, 1.038218379020691, 0.9847491383552551, 1.0937267541885376, 1.0345884561538696, 1.0688124895095825, 0.9701683521270752, 1.0254929065704346, 1.0777206420898438, 1.0580296516418457, 1.0369750261306763, 1.078574299812317, 1.0538843870162964, 0.9875995516777039, 0.9704494476318359, 1.0049140453338623, 0.9244421124458313, 1.104408860206604, 0.9758893251419067, 0.9911943674087524, 1.0055195093154907, 1.047210454940796, 1.0865092277526855, 1.0439445972442627, 1.0889811515808105, 1.0992432832717896, 0.9731600880622864, 1.0716911554336548, 1.0390950441360474, 1.0747952461242676, 1.0201985836029053, 1.062240719795227, 0.9980618357658386, 1.0633395910263062, 1.1101341247558594, 1.1861191987991333]
val step Loss: [1.0382843017578125, 0.9579136371612549, 1.0387436151504517, 1.0042096376419067, 1.0540982484817505, 1.0157032012939453, 1.011828064918518, 0.9270396828651428, 0.9954984784126282, 0.9425782561302185, 0.9736076593399048, 0.9312042593955994, 1.0572450160980225, 1.0220197439193726, 0.893191397190094, 0.9740914702415466]
Train step Accs: [0.7973795903303192, 0.770910121916643, 0.7860189899545892, 0.7759797231429129, 0.7930918846411804, 0.8090385467434648, 0.7757291317465639, 0.7924236567452648, 0.7780006170934897, 0.8051721633008863, 0.7709923664122137, 0.8004936240230358, 0.7838160644968647, 0.7977591036414566, 0.7897105144742763, 0.8079699682356338, 0.7712572674418605, 0.7976615784345567, 0.807819748177601, 0.7982826768433965, 0.7896449704142012, 0.7903344629438632, 0.814365522745411, 0.7768110795454546, 0.7768166089965398, 0.7720676114051562, 0.8028763482882602, 0.7922568460812087, 0.7850547195622435, 0.7972805933250927, 0.7871438263229308, 0.7900172117039587, 0.7827797202797203, 0.8150901999024865, 0.7913508693713777, 0.7728501033222063, 0.7849404117009751, 0.7917461182239172, 0.7767700409596255, 0.7877997064100473, 0.8085077650236326, 0.8077951315604334, 0.794589450788472, 0.8239774797151846, 0.7750138197899392, 0.8049848942598188, 0.809941955648162, 0.7951682036628134, 0.7809689585146504, 0.7785555745262079, 0.7919432011112826, 0.7758433079434167, 0.7698327451281264, 0.8095741467834491, 0.7895994119808893, 0.7819621787619202, 0.7782033426183844, 0.7994346079452462, 0.7802132701421801, 0.7977610841066431, 0.7807763401109057, 0.7738495252008766, 0.7518210197710719]
val step Accs: [0.7949007584314991, 0.8098636219473517, 0.797643362136685, 0.7984018862981399, 0.7826672653794342, 0.7976836241020379, 0.7965657360073404, 0.8173406954185942, 0.8051401190649049, 0.8028969042885544, 0.8042542085345165, 0.816591704147926, 0.7835034298142881, 0.8007468259895444, 0.8329092451229856, 0.8011630507716394]
Preds: [17, 17, 7, 217, 217, 473, 473, 473, 278, 278, 278, 278, 330, 330, 240, 143, 239, 239, 239, 338, 338, 338, 338, 400, 400, 400, 444, 444, 428, 324, 246, 246, 246, 246, 246, 246, 19, 454, 454, 454, 454, 197, 82, 80, 321, 321, 320, 320, 188, 7, 451, 451, 30, 324, 324, 324, 3, 464, 464, 464, 464, 120, 330, 330, 330, 388, 285, 186, 239, 401, 335, 53, 188, 188, 360, 290, 290, 290, 290, 434, 434, 434, 339, 339, 94, 473, 77, 310, 310, 107, 395, 395, 395, 395, 398, 464, 464, 180, 180, 486, 486, 486, 486, 315, 460, 450, 450, 175, 43, 43, 43, 43, 276, 276, 174, 331, 284, 319, 319, 319, 319, 282, 150, 150, 150, 263, 263, 263, 414, 414, 170, 170, 244, 392, 392, 392, 392, 392, 244, 320, 321, 320, 7, 7, 309, 34, 34, 338, 395, 310, 310, 107, 395, 395, 395, 403, 403, 264, 264, 264, 14, 14, 14, 411, 100, 293, 293, 293, 497, 313, 186, 354, 354, 354, 470, 206, 206, 146, 146, 285, 219, 219, 152, 374, 374, 374, 374, 313, 374, 374, 88, 153, 497, 497, 497, 122, 122, 129, 208, 208, 138, 195, 195, 195, 195, 117, 48, 229, 229, 229, 312, 312, 312, 187, 187, 187, 23, 201, 2, 2, 2, 321, 320, 320, 7, 7, 309, 309, 331, 331, 35, 109, 139, 315, 315, 315, 450, 450, 450, 450, 450, 293, 122, 36, 36, 349, 164, 164, 203, 13, 117, 80, 197, 197, 197, 56, 321, 320, 7, 217, 473, 473, 473, 212, 213, 213, 213, 246, 246, 422, 99, 99, 338, 338, 338, 338, 338, 400, 400, 400, 213, 213, 213, 246, 19, 454, 454, 48, 414, 414, 80, 392, 392, 244, 321, 321, 320, 320, 7, 217, 217, 473, 473, 371, 371, 443, 443, 330, 271, 150, 150, 342, 342, 342, 224, 273, 496, 496, 375, 375, 98, 17, 240, 240, 240, 240, 240, 240, 240, 240, 240, 240, 240, 240, 240, 240, 240, 240, 240, 240, 240, 240, 240, 240, 240, 240, 240, 240, 240, 240, 240, 240, 240, 240, 240, 240, 240, 240, 240, 240, 240, 240, 240, 240, 240, 240, 240, 240, 240, 240, 240, 240, 240, 240, 240, 240, 240, 240, 240, 240, 240, 240, 240, 240, 240, 240, 240, 240, 240, 240, 240, 240, 240, 240, 240, 240, 240, 240, 240, 240, 240, 240, 240, 240, 240, 240, 240, 240, 240, 240, 240, 240, 240, 240, 240, 240, 240, 240, 240, 240, 240, 240, 240, 240, 240, 240, 240, 240, 240, 240, 240, 240, 240, 240, 240, 240, 240, 240, 240, 240, 240, 240, 240, 240, 240, 240, 240, 240, 240, 240, 240, 240, 240, 240, 240, 240, 240, 240, 240, 240, 240, 240, 240, 240, 240, 240, 240, 240, 240, 240, 240, 240, 240, 240, 240, 240, 240, 240, 240, 240, 240, 240, 240, 240, 240, 240, 240, 240, 240, 240, 240, 240, 240, 240, 240, 240, 240, 240, 240, 240, 240, 240, 240, 240, 240, 240, 240, 240, 240, 240, 240, 240, 240, 240, 240, 240, 240, 240, 240, 240, 240, 240, 240, 240, 240, 240, 240, 240, 240, 240, 240, 240, 240, 240, 240, 240, 240, 240, 240, 240, 240, 240, 240, 240, 240, 240, 240, 240, 240, 240, 240, 240, 240, 240, 240, 240, 240, 240, 240, 240, 240, 240, 240, 240, 240, 240, 240, 240, 240, 240, 240, 240, 240, 240, 240, 240, 240, 240, 240, 240, 240, 240, 240, 240, 240, 240, 240, 240, 240, 240, 240, 240, 240, 240, 240, 240, 240, 240, 240, 240]

ep253
Train step Loss: [1.0365086793899536, 1.011080026626587, 0.9646544456481934, 0.9933075904846191, 1.0250332355499268, 0.9889488220214844, 1.0205289125442505, 1.028184175491333, 1.0138659477233887, 1.0941625833511353, 1.0056618452072144, 1.0592989921569824, 1.0017259120941162, 0.9774718284606934, 0.9721216559410095, 1.110337734222412, 1.0731624364852905, 1.003891110420227, 1.0549064874649048, 1.06459379196167, 1.0828397274017334, 1.0410579442977905, 1.0183910131454468, 1.0731956958770752, 1.0820581912994385, 1.0324726104736328, 1.1089105606079102, 1.043961524963379, 1.0664618015289307, 1.0253502130508423, 0.9933921694755554, 0.966880202293396, 1.0073354244232178, 1.0445091724395752, 1.0280570983886719, 1.0253732204437256, 1.045904517173767, 1.0599660873413086, 0.9944352507591248, 1.0787900686264038, 1.0149589776992798, 1.0748937129974365, 1.0543968677520752, 0.937966525554657, 0.9362899661064148, 1.012246012687683, 1.0570451021194458, 1.0309795141220093, 1.0282948017120361, 1.051335334777832, 1.043111801147461, 1.0309638977050781, 1.0522027015686035, 1.0625133514404297, 1.0770888328552246, 0.9586507678031921, 1.0291569232940674, 1.112102746963501, 1.12132728099823, 1.0817327499389648, 0.9719513654708862, 1.0216901302337646, 0.9986975193023682]
val step Loss: [0.9972462058067322, 1.0254113674163818, 1.0229600667953491, 1.1054534912109375, 0.9675726294517517, 0.984857439994812, 0.9205017685890198, 0.9794721007347107, 0.9093267917633057, 0.9487652778625488, 1.0357611179351807, 0.9543300271034241, 0.9352652430534363, 0.9700725674629211, 1.0117106437683105, 1.0207405090332031]
Train step Accs: [0.7900444212176639, 0.8023129743404409, 0.8058542413381123, 0.8045169385194479, 0.7915961212867477, 0.8039942938659058, 0.7920442328367379, 0.7912627470728943, 0.8056311207834603, 0.7825180433039294, 0.7956181533646323, 0.7871772039180766, 0.8062462995855536, 0.8085484091219446, 0.8041839427063702, 0.771978021978022, 0.7859596713965646, 0.7982134311692455, 0.788021944529107, 0.7777598710717164, 0.7803382270953354, 0.791268758526603, 0.794410361281527, 0.7774672745992057, 0.7848815344114328, 0.7901653868871825, 0.7833112971940649, 0.7798619447779112, 0.7908236418671339, 0.7881293642043367, 0.8008929817217804, 0.8117075802535744, 0.795055485320972, 0.7915383585486678, 0.800489396411093, 0.7964209489410606, 0.7919649379108838, 0.7875851627554883, 0.801945181255526, 0.7789835413275457, 0.7964786630856461, 0.7883670963781461, 0.7850685331000291, 0.8121131741821397, 0.8148148148148148, 0.7945205479452054, 0.7876996805111821, 0.798922056384743, 0.7974558070378325, 0.7888906472543123, 0.7842817544431763, 0.7978530390081645, 0.7861587494308696, 0.7792046396023198, 0.7742881794650561, 0.8169055279321439, 0.7943897344076395, 0.7783113245298119, 0.7696070695912892, 0.7788772597526166, 0.8102189781021898, 0.8009835561702782, 0.8081155433287482]
val step Accs: [0.8019543973941368, 0.786991654523778, 0.7904394012554321, 0.7719481293784468, 0.8167468430547203, 0.7985652797704448, 0.8241344343039259, 0.7996410507423724, 0.825108503456036, 0.8034586466165413, 0.7895618556701031, 0.8132432829246806, 0.8133466419506631, 0.8117609963739555, 0.8095604057792807, 0.7904502721425037]
Preds: [17, 17, 287, 387, 293, 75, 8, 406, 239, 208, 354, 106, 387, 387, 387, 387, 387, 348, 406, 406, 250, 250, 250, 250, 132, 132, 132, 132, 132, 132, 132, 122, 138, 117, 98, 197, 197, 197, 197, 197, 197, 287, 287, 284, 284, 206, 240, 167, 35, 35, 77, 342, 35, 219, 219, 219, 152, 152, 139, 106, 153, 153, 153, 43, 43, 43, 8, 239, 208, 345, 371, 290, 374, 374, 413, 413, 122, 138, 138, 117, 48, 48, 414, 414, 414, 414, 414, 47, 47, 47, 47, 47, 80, 73, 73, 209, 209, 83, 83, 301, 403, 146, 146, 330, 203, 335, 70, 70, 65, 65, 138, 497, 250, 43, 43, 8, 239, 239, 208, 473, 445, 445, 331, 374, 374, 132, 132, 132, 122, 8, 8, 239, 239, 354, 354, 420, 213, 360, 360, 434, 434, 434, 434, 434, 434, 19, 454, 414, 414, 414, 414, 414, 414, 47, 47, 47, 47, 20, 47, 47, 47, 80, 80, 80, 7, 289, 32, 239, 7, 371, 219, 219, 219, 360, 286, 374, 374, 285, 35, 443, 180, 315, 319, 319, 319, 203, 203, 53, 53, 250, 250, 138, 138, 138, 138, 138, 497, 98, 98, 98, 197, 414, 414, 414, 414, 80, 20, 80, 320, 320, 63, 63, 63, 63, 63, 354, 441, 441, 441, 441, 182, 182, 182, 182, 387, 387, 387, 98, 35, 35, 35, 414, 312, 312, 20, 20, 80, 20, 20, 7, 7, 32, 239, 384, 371, 371, 278, 443, 171, 271, 271, 150, 36, 36, 232, 342, 342, 172, 115, 267, 267, 267, 267, 143, 349, 213, 324, 324, 422, 422, 143, 36, 36, 251, 384, 180, 180, 180, 284, 284, 206, 206, 206, 167, 35, 35, 35, 35, 35, 203, 401, 401, 80, 80, 20, 80, 209, 70, 287, 413, 413, 426, 387, 387, 122, 239, 129, 458, 458, 208, 354, 276, 481, 426, 100, 100, 182, 182, 182, 182, 182, 182, 375, 98, 98, 35, 414, 414, 414, 414, 312, 187, 187, 47, 47, 20, 47, 47, 47, 47, 47, 73, 73, 73, 7, 7, 32, 32, 32, 32, 473, 384, 371, 371, 213, 213, 213, 213, 213, 213, 246, 246, 246, 19, 454, 454, 454, 414, 414, 414, 414, 170, 170, 20, 20, 228, 20, 2, 20, 2, 2, 2, 2, 20, 209, 228, 20, 73, 373, 66, 66, 66, 172, 172, 143, 251, 251, 241, 431, 431, 376, 376, 376, 376, 460, 460, 169, 150, 99, 94, 338, 338, 338, 338, 399, 203, 225, 7, 7, 32, 32, 32, 239, 384, 371, 213, 213, 213, 213, 324, 3, 335, 14, 259, 259, 208, 188, 145, 403, 403, 403, 120, 120, 207, 207, 207, 207, 358, 358, 416, 454, 414, 414, 414, 414, 170, 170, 20, 28, 47, 20, 47, 47, 2, 2, 2, 2, 228, 228, 73, 73, 73, 289, 20, 209, 188, 188, 213, 213, 422, 143, 239, 310, 107, 107, 324, 301, 301, 143, 251, 251, 241, 431, 431, 284, 284, 284, 284, 284, 284, 284, 284, 284, 206, 206, 206, 206, 452, 263, 263, 17, 240, 240, 240, 240, 240, 240, 240, 240, 240, 240, 240, 240, 240, 240, 240, 240, 240, 240, 240, 240, 240, 240, 240, 240, 240, 240, 240, 240, 240, 240, 240, 240, 240, 240, 240, 240, 240, 240, 240, 240, 240, 240, 240, 240, 240, 240, 240, 240, 240, 240, 240, 240, 240, 240, 240, 240, 240, 240, 240, 240, 240, 240, 240, 240, 240, 240, 240, 240, 240, 240, 240, 240, 240, 240, 240, 240, 240, 240, 240, 240, 240, 240, 240, 240, 240, 240, 240, 240, 240]

ep254
Train step Loss: [0.9676180481910706, 1.1214815378189087, 1.0292190313339233, 1.018228530883789, 1.0151311159133911, 1.0413494110107422, 1.0421161651611328, 0.9728742241859436, 1.0826423168182373, 1.0218024253845215, 1.0682663917541504, 0.9891408681869507, 1.0643671751022339, 0.9928520917892456, 1.0879077911376953, 1.0406955480575562, 0.9626460075378418, 1.0737611055374146, 0.9923166036605835, 0.9780038595199585, 1.0586377382278442, 1.0674079656600952, 1.0345900058746338, 1.1294169425964355, 0.9528647661209106, 1.0318586826324463, 0.9799885749816895, 1.0498015880584717, 0.9132124185562134, 0.9433901309967041, 1.070926308631897, 1.047590732574463, 1.0493770837783813, 1.082946538925171, 0.9985429048538208, 1.0265917778015137, 1.0564242601394653, 0.9605883359909058, 1.0880552530288696, 1.0734105110168457, 1.0621578693389893, 0.9870439171791077, 1.0323771238327026, 1.0091618299484253, 1.0147216320037842, 1.0157990455627441, 1.0044891834259033, 1.0903681516647339, 1.047275185585022, 1.0398377180099487, 1.0460551977157593, 0.9740357995033264, 1.0317522287368774, 1.067692518234253, 1.0055766105651855, 0.9710753560066223, 1.0213227272033691, 0.938165545463562, 1.0438058376312256, 0.951942503452301, 1.046949028968811, 1.0729396343231201, 0.9823170304298401]
val step Loss: [0.9295930862426758, 1.0141637325286865, 1.020442008972168, 0.9227901697158813, 0.9715794920921326, 0.9900985956192017, 0.9852702617645264, 0.9887440800666809, 0.9140818119049072, 1.0145748853683472, 0.9911194443702698, 0.9774422645568848, 0.9563027024269104, 0.9987267255783081, 0.99833083152771, 1.002535104751587]
Train step Accs: [0.8098538496308573, 0.7768005310321938, 0.7952642217730291, 0.8021691378363537, 0.7977250247279921, 0.7877551020408163, 0.787336187881147, 0.8061274112497974, 0.7742852629916285, 0.7953982816368137, 0.7797635800731776, 0.8006004945249029, 0.7846444304594085, 0.8036602986033071, 0.7704095848425745, 0.7862870890136328, 0.8194484760522497, 0.7865417796401282, 0.802943340691685, 0.8045903729678037, 0.7882434301521438, 0.7766506495817761, 0.794396887159533, 0.7684871918801354, 0.8189013772360297, 0.7907256850346281, 0.8099050203527816, 0.7877245085560741, 0.8167351129363449, 0.8175981322048738, 0.7784810126582279, 0.7829344052621963, 0.788034471329135, 0.7734670392898241, 0.8035662927811331, 0.8062916737903916, 0.7846498747197679, 0.8043985338220593, 0.7802436175538128, 0.7808727948003714, 0.79, 0.7971014492753623, 0.7931249027842588, 0.8023746289642243, 0.796657816648446, 0.8008077841013402, 0.8002447231569287, 0.7804984062590553, 0.7899122807017543, 0.7961599538039555, 0.8012748406449194, 0.8013426914861154, 0.7888181566565181, 0.7760177411690163, 0.7942857142857143, 0.8172642762284197, 0.785377358490566, 0.8096072931276297, 0.7898439889874579, 0.8091463414634147, 0.7875306084008288, 0.7874585468797106, 0.804374240583232]
val step Accs: [0.8184110970996217, 0.7906507221618264, 0.7975807686418619, 0.8219076005961252, 0.806128640776699, 0.7956527398151764, 0.8132763456658207, 0.803561491374513, 0.8244570068432014, 0.79183914843288, 0.799171270718232, 0.8104336043360434, 0.8141067897165458, 0.8061163000903887, 0.8105818414322251, 0.7926413255360624]
Preds: [17, 296, 239, 239, 107, 107, 395, 395, 374, 132, 32, 32, 239, 75, 354, 180, 180, 206, 403, 403, 171, 171, 171, 171, 252, 416, 285, 34, 84, 84, 84, 375, 375, 375, 98, 98, 98, 13, 13, 170, 82, 82, 201, 201, 201, 201, 201, 201, 201, 201, 201, 244, 321, 321, 412, 287, 287, 287, 284, 284, 284, 284, 450, 450, 88, 88, 88, 109, 186, 290, 236, 324, 219, 219, 219, 219, 152, 152, 152, 378, 378, 88, 293, 109, 145, 145, 443, 443, 443, 240, 240, 285, 34, 34, 34, 330, 330, 388, 388, 94, 398, 398, 331, 331, 315, 315, 315, 315, 450, 450, 450, 450, 413, 77, 413, 413, 413, 122, 250, 212, 259, 208, 345, 467, 374, 374, 34, 34, 34, 34, 139, 139, 139, 139, 293, 169, 150, 150, 54, 494, 494, 99, 35, 303, 401, 441, 153, 100, 375, 98, 98, 98, 122, 208, 208, 122, 122, 122, 122, 441, 441, 195, 48, 48, 229, 229, 244, 244, 244, 63, 63, 63, 23, 408, 408, 392, 244, 321, 321, 412, 83, 83, 83, 301, 460, 150, 169, 150, 77, 342, 342, 115, 115, 267, 267, 236, 290, 171, 171, 171, 171, 252, 252, 143, 310, 107, 107, 395, 395, 139, 139, 139, 88, 81, 331, 351, 271, 271, 271, 271, 271, 271, 150, 54, 342, 168, 232, 458, 458, 259, 75, 349, 427, 56, 56, 312, 312, 126, 292, 23, 23, 101, 149, 149, 321, 321, 83, 83, 145, 145, 486, 460, 460, 169, 169, 77, 342, 342, 224, 224, 273, 434, 285, 464, 139, 139, 426, 293, 293, 497, 122, 122, 276, 106, 106, 153, 346, 139, 88, 88, 88, 88, 88, 167, 494, 203, 203, 53, 208, 303, 303, 48, 48, 229, 229, 321, 247, 312, 126, 292, 292, 408, 408, 408, 408, 321, 321, 83, 83, 145, 486, 460, 460, 169, 169, 35, 342, 224, 224, 494, 232, 232, 224, 224, 139, 426, 424, 424, 293, 293, 497, 497, 122, 8, 70, 473, 65, 84, 84, 319, 413, 348, 413, 76, 310, 445, 445, 445, 451, 213, 213, 213, 213, 252, 252, 19, 454, 454, 414, 414, 414, 170, 82, 47, 47, 47, 187, 80, 73, 73, 73, 320, 320, 320, 83, 188, 286, 286, 286, 468, 468, 285, 285, 84, 331, 180, 284, 284, 284, 284, 206, 450, 293, 348, 43, 250, 276, 174, 174, 331, 387, 167, 167, 416, 219, 219, 219, 219, 213, 324, 324, 301, 8, 345, 345, 345, 100, 497, 497, 122, 7, 310, 445, 445, 451, 420, 420, 324, 301, 301, 94, 345, 345, 345, 153, 387, 387, 413, 313, 313, 285, 496, 496, 496, 496, 43, 43, 43, 43, 441, 441, 441, 276, 276, 276, 153, 387, 122, 88, 8, 239, 75, 384, 445, 445, 374, 374, 374, 132, 132, 132, 186, 186, 240, 240, 240, 240, 240, 240, 240, 240, 240, 240, 240, 240, 240, 240, 240, 240, 240, 240, 240, 240, 240, 240, 240, 240, 240, 240, 240, 240, 240, 240, 240, 240, 240, 240, 240, 240, 240, 240, 240, 240, 240, 240, 240, 240, 240, 240, 240, 240, 240, 240, 240, 240, 240, 240, 240, 240, 240, 240, 240, 240, 240, 240, 240, 240, 240, 240, 240, 240, 240, 240, 240, 240, 240, 240, 240, 240, 240, 240, 240, 240, 240, 240, 240, 240, 240, 240, 240, 240, 240, 240, 240, 240, 240, 240, 240, 240, 240, 240, 240, 240, 240, 240, 240, 240, 240, 240, 240, 240, 240, 240, 240, 240, 240, 240, 240, 240, 240, 240, 240, 240, 240, 240, 240, 240, 240, 240, 240]

