ep231
Train step Loss: [1.136069893836975, 1.131893515586853, 1.1643356084823608, 1.202251672744751, 1.191344141960144, 1.2381869554519653, 1.2292243242263794, 1.1631231307983398, 1.1384234428405762, 1.1745506525039673, 1.1319633722305298, 1.1277543306350708, 1.2201039791107178, 1.2034740447998047, 1.1687161922454834, 1.0797115564346313, 1.2609862089157104, 1.2233670949935913, 1.2030065059661865, 1.1132087707519531, 1.195780873298645, 1.1275714635849, 1.16009521484375, 1.1610255241394043, 1.2081232070922852, 1.1032793521881104, 1.0611804723739624, 1.12973952293396, 1.233377456665039, 1.1950569152832031, 1.1710394620895386, 1.2171335220336914, 1.172836422920227, 1.1951024532318115, 1.10787832736969, 1.1519545316696167, 1.18509042263031, 1.1322267055511475, 1.1084420680999756, 1.13636314868927, 1.0986413955688477, 1.1496481895446777, 1.2380367517471313, 1.233860969543457, 1.1911745071411133, 1.1525275707244873, 1.1040393114089966, 1.09877610206604, 1.1779296398162842, 1.0967930555343628, 1.2012901306152344, 1.1380963325500488, 1.1332428455352783, 1.1660488843917847, 1.1025806665420532, 1.1723036766052246, 1.1648459434509277, 1.2253522872924805, 1.222472071647644, 1.2124093770980835, 1.2193998098373413, 1.16973876953125, 1.192909836769104]
val step Loss: [1.1359506845474243, 1.1359423398971558, 1.1188591718673706, 1.0757187604904175, 1.070831537246704, 1.0737638473510742, 1.0706678628921509, 1.1115647554397583, 1.141753077507019, 1.1087772846221924, 1.1681336164474487, 1.068739414215088, 1.126582384109497, 1.162102460861206, 1.1968952417373657, 1.0916661024093628]
Train step Accs: [0.7599274705349048, 0.762747450509898, 0.7592622293504411, 0.7434682964094729, 0.7480868342964235, 0.7411844103256284, 0.7320525783619818, 0.7434848484848485, 0.7585716318110685, 0.7493681550126369, 0.7616502192982456, 0.7719421924568206, 0.739717711337077, 0.743312101910828, 0.7493561068184899, 0.7778842206103737, 0.7339479749753046, 0.7373701813061081, 0.7388738235763279, 0.7664750957854406, 0.7471036080767958, 0.763963686721034, 0.7593341630367144, 0.7553916794211771, 0.7411184210526316, 0.7772954485661668, 0.7792852415618795, 0.757748485928037, 0.7357316332726169, 0.7446870451237263, 0.7522575007282261, 0.7497546614327772, 0.7518312335188984, 0.7405167674546455, 0.7684284956690826, 0.7675380298331118, 0.7523120225170888, 0.7666484716157205, 0.7732593961799138, 0.7580707895760405, 0.7718343910546993, 0.7562509828589401, 0.735141916261565, 0.7285217679192186, 0.7413854989231874, 0.766298749080206, 0.7671549730146492, 0.7756940342587123, 0.7452198071580324, 0.7681749622926094, 0.7391126837234622, 0.7575191481412292, 0.7633258582025185, 0.7480215257993036, 0.7674977470711926, 0.7478719092014593, 0.7566602931803696, 0.7439544807965861, 0.7404040404040404, 0.7359150006990074, 0.7386074157939428, 0.7619189511323003, 0.7503692762186115]
val step Accs: [0.7617425854973747, 0.7560114114930037, 0.7656132993859518, 0.7817756325873921, 0.7790814136500215, 0.7724498692240628, 0.7862446958981613, 0.7616270145817344, 0.7549557792009759, 0.7660493827160494, 0.7524895599100546, 0.7796268280383257, 0.7577036724356269, 0.7581552305961755, 0.7428878153515834, 0.7693469233673084]
Preds: [17, 17, 287, 293, 293, 215, 17, 17, 17, 441, 276, 64, 64, 387, 240, 330, 219, 219, 152, 152, 152, 416, 139, 84, 84, 139, 293, 293, 64, 43, 8, 276, 297, 297, 297, 297, 297, 297, 297, 293, 293, 293, 293, 293, 122, 122, 35, 293, 10, 354, 479, 331, 371, 346, 139, 35, 35, 35, 337, 337, 286, 330, 330, 339, 339, 339, 398, 398, 464, 324, 434, 434, 339, 10, 338, 250, 374, 132, 132, 132, 250, 250, 132, 132, 132, 122, 138, 138, 117, 117, 197, 321, 70, 411, 411, 287, 297, 297, 426, 497, 43, 43, 345, 106, 106, 106, 387, 426, 426, 468, 468, 348, 348, 250, 250, 250, 250, 250, 411, 411, 138, 208, 208, 208, 303, 303, 48, 229, 229, 82, 48, 187, 187, 17, 321, 320, 188, 188, 286, 286, 171, 171, 171, 171, 171, 3, 3, 14, 14, 411, 411, 188, 145, 145, 443, 120, 120, 120, 120, 207, 207, 207, 416, 349, 349, 19, 454, 454, 414, 414, 170, 47, 392, 392, 392, 392, 244, 244, 321, 321, 7, 219, 219, 219, 152, 152, 152, 301, 378, 43, 276, 276, 276, 276, 276, 153, 100, 182, 182, 182, 182, 182, 14, 497, 497, 497, 14, 14, 287, 287, 287, 284, 284, 460, 460, 460, 146, 146, 219, 219, 219, 464, 464, 139, 139, 139, 406, 43, 43, 43, 345, 345, 345, 345, 212, 371, 236, 236, 77, 232, 107, 395, 395, 398, 180, 443, 486, 486, 460, 460, 460, 167, 35, 77, 467, 278, 286, 286, 286, 264, 468, 468, 337, 337, 337, 324, 324, 324, 422, 36, 36, 342, 116, 346, 319, 496, 100, 100, 153, 182, 182, 413, 413, 413, 122, 117, 117, 229, 229, 312, 187, 47, 47, 7, 7, 239, 7, 371, 371, 395, 395, 171, 171, 171, 171, 171, 171, 246, 246, 246, 252, 301, 143, 354, 354, 180, 180, 443, 486, 376, 376, 460, 460, 460, 460, 169, 282, 77, 342, 342, 224, 267, 213, 213, 213, 324, 422, 422, 143, 77, 54, 164, 172, 172, 239, 273, 428, 180, 443, 486, 486, 486, 376, 376, 376, 376, 376, 206, 206, 206, 203, 240, 240, 240, 240, 240, 240, 240, 240, 240, 240, 240, 240, 240, 240, 240, 240, 240, 240, 240, 240, 240, 240, 240, 240, 240, 240, 240, 240, 240, 240, 240, 240, 240, 240, 240, 240, 240, 240, 240, 240, 240, 240, 240, 240, 240, 240, 240, 240, 240, 240, 240, 240, 240, 240, 240, 240, 240, 240, 240, 240, 240, 240, 240, 240, 240, 240, 240, 240, 240, 240, 240, 240, 240, 240, 240, 240, 240, 240, 240, 240, 240, 240, 240, 240, 240, 240, 240, 240, 240, 240, 240, 240, 240, 240, 240, 240, 240, 240, 240, 240, 240, 240, 240, 240, 240, 240, 240, 240, 240, 240, 240, 240, 240, 240, 240, 240, 240, 240, 240, 240, 240, 240, 240, 240, 240, 240, 240, 240, 240, 240, 240, 240, 240, 240, 240, 240, 240, 240, 240, 240, 240, 240, 240, 240, 240, 240, 240, 240, 240, 240, 240, 240, 240, 240, 240, 240, 240, 240, 240, 240, 240, 240, 240, 240, 240, 240, 240, 240, 240, 240, 240, 240, 240, 240, 240, 240, 240, 240, 240, 240, 240, 240, 240, 240, 240, 240, 240, 240, 240, 240, 240, 240, 240, 240, 240, 240, 240, 240, 240, 240, 240, 240, 240, 240, 240, 240, 240, 240, 240, 240, 240, 240, 240, 240, 240, 240, 240, 240, 240, 240, 240, 240, 240, 240, 240, 240, 240, 240, 240, 240, 240, 240, 240, 240, 240, 240, 240, 240, 240]

ep232
Train step Loss: [1.133199691772461, 1.1097487211227417, 1.114180326461792, 1.0758415460586548, 1.2088282108306885, 1.127911925315857, 1.1649179458618164, 1.12128746509552, 1.1684256792068481, 1.1442818641662598, 1.121106743812561, 1.1142483949661255, 1.1652300357818604, 1.1821662187576294, 1.235849142074585, 1.2598446607589722, 1.2103121280670166, 1.1317752599716187, 1.173490285873413, 1.1595683097839355, 1.192967176437378, 1.2369695901870728, 1.1937229633331299, 1.2181482315063477, 1.1696416139602661, 1.2421462535858154, 1.2449841499328613, 1.12936270236969, 1.1656742095947266, 1.1577762365341187, 1.14982008934021, 1.1094582080841064, 1.1928422451019287, 1.1484647989273071, 1.1492273807525635, 1.071282982826233, 1.1250450611114502, 1.1584677696228027, 1.1504426002502441, 1.1709152460098267, 1.1409400701522827, 1.075984001159668, 1.1301417350769043, 1.18623948097229, 1.2929558753967285, 1.285628080368042, 1.1609318256378174, 1.1430517435073853, 1.1917277574539185, 1.139311671257019, 1.213793158531189, 1.1451514959335327, 1.1545058488845825, 1.1616065502166748, 1.2176966667175293, 1.051433801651001, 1.0777508020401, 1.129256010055542, 1.2120429277420044, 1.1849892139434814, 1.1002939939498901, 1.1337116956710815, 1.186410903930664]
val step Loss: [1.0565017461776733, 1.179141879081726, 1.1235419511795044, 1.0742552280426025, 1.1269396543502808, 1.1028956174850464, 1.0569508075714111, 1.1530582904815674, 1.1755328178405762, 1.1091684103012085, 1.0771856307983398, 1.1014467477798462, 1.133053183555603, 1.0973042249679565, 1.0763299465179443, 1.0768630504608154]
Train step Accs: [0.757687012391005, 0.7601464268661468, 0.7665890570430733, 0.7826561552456034, 0.747393974011138, 0.7693452380952381, 0.7442075996292864, 0.7694283011217732, 0.7504505980665247, 0.754863813229572, 0.7668954996186117, 0.7614938253236125, 0.7551713491818463, 0.7533508158508159, 0.7381673306772908, 0.7417400086567595, 0.7418290383406663, 0.7637394591451003, 0.7561643835616438, 0.7560346416067809, 0.744983528002396, 0.7302022625985601, 0.7535200605601817, 0.7420460107684778, 0.7517871986699917, 0.7358960669158213, 0.7378374010021012, 0.7696135831381733, 0.7699735243731506, 0.7542696070303432, 0.7625682275208273, 0.7747532156745438, 0.747255840135097, 0.7542096686583378, 0.7586159737417943, 0.7792521109770808, 0.7572162210023021, 0.7483260553129549, 0.757725587144623, 0.756158940397351, 0.7622541825653067, 0.7755651237890204, 0.7603700848111026, 0.7585966137196718, 0.7188264058679706, 0.7156323644933229, 0.7611962957340216, 0.7556541019955654, 0.7485655436221863, 0.7635204081632653, 0.7485233313644418, 0.7558828812645949, 0.751967919203921, 0.7588921282798834, 0.739147856284226, 0.7717265353418308, 0.7708262495749745, 0.76448681662446, 0.7472356330789597, 0.7535989286909943, 0.7767201522980691, 0.754993556701031, 0.7516339869281046]
val step Accs: [0.7814627334613371, 0.7455138662316476, 0.7654879385964912, 0.7656434474616293, 0.7569434239529758, 0.7736188052103609, 0.776255707762557, 0.7509009658353756, 0.7575513491743858, 0.772920759659463, 0.7737496300680675, 0.766096713865883, 0.7567688188039274, 0.7779822653505103, 0.7796610169491526, 0.777910447761194]
Preds: [17, 17, 296, 473, 65, 443, 443, 443, 450, 150, 150, 342, 342, 342, 273, 106, 106, 426, 468, 413, 98, 75, 75, 259, 401, 250, 345, 345, 109, 278, 164, 164, 172, 355, 171, 171, 171, 252, 252, 339, 10, 199, 398, 324, 106, 116, 10, 10, 309, 331, 250, 88, 88, 346, 481, 426, 293, 293, 75, 406, 32, 239, 32, 354, 106, 106, 346, 426, 426, 355, 88, 88, 406, 406, 467, 413, 413, 413, 98, 98, 98, 48, 48, 20, 80, 20, 80, 20, 20, 320, 7, 217, 7, 473, 400, 324, 213, 252, 236, 143, 32, 239, 239, 239, 107, 107, 107, 400, 400, 213, 213, 213, 422, 143, 251, 401, 75, 371, 172, 172, 115, 271, 36, 464, 464, 443, 315, 319, 319, 450, 450, 43, 43, 276, 276, 276, 346, 319, 319, 428, 120, 120, 146, 146, 219, 219, 219, 219, 219, 416, 416, 349, 100, 43, 43, 43, 138, 441, 276, 276, 98, 98, 98, 17, 83, 240, 240, 240, 240, 240, 240, 240, 240, 240, 240, 240, 240, 240, 240, 240, 240, 240, 240, 240, 240, 240, 240, 240, 240, 240, 240, 240, 240, 240, 240, 240, 240, 240, 240, 240, 240, 240, 240, 240, 240, 240, 240, 240, 240, 240, 240, 240, 240, 240, 240, 240, 240, 240, 240, 240, 240, 240, 240, 240, 240, 240, 240, 240, 240, 240, 240, 240, 240, 240, 240, 240, 240, 240, 240, 240, 240, 240, 240, 240, 240, 240, 240, 240, 240, 240, 240, 240, 240, 240, 240, 240, 240, 240, 240, 240, 240, 240, 240, 240, 240, 240, 240, 240, 240, 240, 240, 240, 240, 240, 240, 240, 240, 240, 240, 240, 240, 240, 240, 240, 240, 240, 240, 240, 240, 240, 240, 240, 240, 240, 240, 240, 240, 240, 240, 240, 240, 240, 240, 240, 240, 240, 240, 240, 240, 240, 240, 240, 240, 240, 240, 240, 240, 240, 240, 240, 240, 240, 240, 240, 240, 240, 240, 240, 240, 240, 240, 240, 240, 240, 240, 240, 240, 240, 240, 240, 240, 240, 240, 240, 240, 240, 240, 240, 240, 240, 240, 240, 240, 240, 240, 240, 240, 240, 240, 240, 240, 240, 240, 240, 240, 240, 240, 240, 240, 240, 240, 240, 240, 240, 240, 240, 240, 240, 240, 240, 240, 240, 240, 240, 240, 240, 240, 240, 240, 240, 240, 240, 240, 240, 240, 240, 240, 240, 240, 240, 240, 240, 240, 240, 240, 240, 240, 240, 240, 240, 240, 240, 240, 240, 240, 240, 240, 240, 240, 240, 240, 240, 240, 240, 240, 240, 240, 240, 240, 240, 240, 240, 240, 240, 240, 240, 240, 240, 240, 240, 240, 240, 240, 240, 240, 240, 240, 240, 240, 240, 240, 240, 240, 240, 240, 240, 240, 240, 240, 240, 240, 240, 240, 240, 240, 240, 240, 240, 240, 240, 240, 240, 240, 240, 240, 240, 240, 240, 240, 240, 240, 240, 240, 240, 240, 240, 240, 240, 240, 240, 240, 240, 240, 240, 240, 240, 240, 240, 240, 240, 240, 240, 240, 240, 240, 240, 240, 240, 240, 240, 240, 240, 240, 240, 240, 240, 240, 240, 240, 240, 240, 240, 240, 240, 240, 240, 240, 240, 240, 240, 240, 240, 240, 240, 240, 240, 240, 240, 240, 240, 240, 240, 240, 240, 240, 240, 240, 240, 240, 240, 240, 240, 240, 240, 240, 240, 240, 240, 240, 240, 240, 240, 240, 240, 240, 240, 240, 240, 240, 240, 240, 240, 240, 240, 240, 240, 240, 240, 240, 240, 240, 240, 240, 240, 240, 240, 240, 240, 240, 240, 240, 240, 240, 240, 240, 240, 240, 240, 240, 240]

ep233
Train step Loss: [1.191760778427124, 1.134352207183838, 1.1834321022033691, 1.1573081016540527, 1.094665765762329, 1.1095162630081177, 1.1877793073654175, 1.165482759475708, 1.168715476989746, 1.221789002418518, 1.1322638988494873, 1.1181859970092773, 1.1909370422363281, 1.141323208808899, 1.1353609561920166, 1.1387385129928589, 1.2073185443878174, 1.2120490074157715, 1.1982976198196411, 1.1050859689712524, 1.0841599702835083, 1.1761444807052612, 1.1733862161636353, 1.2018169164657593, 1.0562864542007446, 1.1677145957946777, 1.2658666372299194, 1.1488977670669556, 1.1759719848632812, 1.1490283012390137, 1.196803331375122, 1.158527135848999, 1.245019793510437, 1.0824050903320312, 1.1938549280166626, 1.1732203960418701, 1.1370710134506226, 1.155997633934021, 1.1355400085449219, 1.1007070541381836, 1.11872398853302, 1.1816470623016357, 1.1228387355804443, 1.0661869049072266, 1.2074252367019653, 1.1581202745437622, 1.229449987411499, 1.12996506690979, 1.054795503616333, 1.1184128522872925, 1.1815143823623657, 1.141290545463562, 1.1298280954360962, 1.1445504426956177, 1.1558520793914795, 1.2151676416397095, 1.1824196577072144, 1.1347557306289673, 1.1558856964111328, 1.1448240280151367, 1.0969841480255127, 1.1645585298538208, 1.0752825736999512]
val step Loss: [1.2036681175231934, 1.097962498664856, 1.07014000415802, 1.0657377243041992, 1.1454041004180908, 1.0441718101501465, 1.0875608921051025, 1.0474843978881836, 1.1323719024658203, 1.106736421585083, 1.1079444885253906, 1.0717415809631348, 1.0776606798171997, 1.0860521793365479, 1.1179745197296143, 1.2181388139724731]
Train step Accs: [0.7493744787322769, 0.764125068568294, 0.7482385289568655, 0.7578225460780111, 0.7734913199228438, 0.7633219071361795, 0.7471621831752449, 0.7535032922505487, 0.7603088261098438, 0.7391251072172528, 0.7644133644133644, 0.7601207630026073, 0.74880810488677, 0.7591297591297591, 0.7754028837998304, 0.7569487337862878, 0.7459897761325577, 0.7489332415691672, 0.7478661659269376, 0.7735757965883489, 0.7744395302729907, 0.7445165818564661, 0.746239047776492, 0.739502099580084, 0.7921562400762147, 0.7546348314606741, 0.7253692815144127, 0.758959826637773, 0.7495361781076066, 0.7585498312050492, 0.7518144116122343, 0.7582654926067454, 0.7267244045777915, 0.7752629901179471, 0.7555982085732565, 0.7545454545454545, 0.7651496413554292, 0.7627510218588947, 0.7510026155187446, 0.7689348719989388, 0.7673606447280054, 0.7538718493774673, 0.768970189701897, 0.7854561878952123, 0.7489998518299007, 0.7548893647394718, 0.7367890568754499, 0.7690348866819455, 0.7889680304787146, 0.7644299118566961, 0.748917123881028, 0.7572860447185813, 0.7671315039736092, 0.7598392229107352, 0.7598259404828748, 0.7370106243632659, 0.755692422545726, 0.7554076539101497, 0.7581818181818182, 0.7632967925294356, 0.7659574468085106, 0.7501948558067031, 0.78239289446186]
val step Accs: [0.7413077693518386, 0.7696441539578794, 0.7765026538516712, 0.7727563078888534, 0.7687986171132238, 0.7875543660086985, 0.7662212204153921, 0.7829279486002754, 0.7659385318770637, 0.7706132744758001, 0.7674514098001642, 0.7745959739155089, 0.7783201722900215, 0.7720258136924804, 0.7660094224393649, 0.748692152917505]
Preds: [17, 17, 7, 309, 309, 479, 398, 398, 398, 360, 246, 246, 301, 301, 251, 251, 251, 241, 109, 278, 278, 171, 171, 3, 186, 31, 338, 338, 338, 395, 319, 319, 428, 403, 403, 403, 403, 171, 171, 171, 252, 252, 219, 219, 219, 219, 219, 219, 252, 252, 286, 286, 468, 468, 406, 467, 467, 467, 145, 145, 486, 486, 460, 240, 35, 251, 251, 241, 431, 486, 486, 460, 169, 35, 458, 401, 144, 208, 100, 100, 387, 215, 406, 406, 239, 354, 354, 180, 264, 264, 264, 468, 406, 406, 337, 337, 464, 464, 464, 315, 315, 450, 450, 450, 450, 450, 416, 406, 32, 32, 208, 208, 144, 479, 302, 302, 302, 81, 331, 331, 355, 355, 452, 263, 263, 13, 170, 170, 392, 244, 408, 408, 63, 63, 63, 63, 63, 63, 63, 20, 149, 244, 73, 73, 73, 244, 320, 287, 111, 111, 438, 186, 99, 259, 338, 338, 338, 395, 395, 398, 486, 486, 460, 178, 271, 143, 458, 34, 34, 34, 451, 337, 219, 324, 252, 464, 464, 464, 171, 271, 282, 31, 342, 342, 342, 115, 273, 267, 282, 324, 464, 464, 180, 315, 284, 284, 319, 450, 450, 413, 250, 250, 276, 276, 276, 346, 313, 345, 354, 405, 206, 215, 215, 35, 401, 401, 144, 81, 302, 496, 496, 236, 251, 251, 401, 75, 384, 273, 444, 428, 428, 146, 146, 282, 35, 34, 34, 342, 342, 342, 175, 338, 401, 401, 401, 244, 108, 108, 213, 213, 213, 213, 246, 246, 464, 464, 464, 464, 355, 358, 77, 436, 34, 36, 232, 342, 172, 115, 273, 267, 286, 464, 120, 443, 450, 450, 450, 203, 75, 236, 36, 401, 77, 342, 494, 224, 273, 236, 116, 217, 217, 473, 473, 65, 330, 171, 252, 422, 416, 416, 303, 303, 395, 354, 106, 284, 284, 355, 355, 355, 263, 263, 229, 229, 312, 312, 312, 312, 126, 126, 23, 23, 23, 408, 149, 149, 149, 73, 289, 289, 320, 7, 354, 354, 441, 441, 331, 144, 144, 65, 99, 259, 259, 338, 338, 338, 395, 395, 395, 374, 302, 302, 431, 144, 144, 485, 99, 259, 259, 338, 338, 338, 338, 338, 338, 188, 36, 19, 19, 48, 48, 414, 229, 170, 82, 82, 82, 80, 80, 80, 80, 80, 392, 244, 392, 392, 392, 392, 7, 66, 66, 66, 66, 323, 323, 164, 34, 444, 267, 444, 213, 213, 252, 301, 143, 458, 395, 395, 420, 324, 324, 324, 464, 464, 464, 180, 486, 486, 486, 206, 120, 146, 146, 207, 219, 219, 246, 246, 246, 246, 422, 19, 36, 36, 77, 54, 342, 342, 115, 115, 115, 267, 267, 19, 19, 19, 48, 17, 417, 414, 23, 170, 82, 82, 80, 80, 292, 292, 292, 80, 73, 244, 244, 83, 287, 426, 239, 251, 241, 144, 208, 441, 276, 144, 144, 100, 413, 458, 212, 239, 384, 371, 371, 278, 143, 251, 251, 241, 431, 431, 106, 387, 293, 75, 406, 106, 106, 354, 354, 100, 100, 100, 98, 98, 98, 263, 13, 23, 83, 240, 240, 240, 240, 240, 240, 240, 240, 240, 240, 240, 240, 240, 240, 240, 240, 240, 240, 240, 240, 240, 240, 240, 240, 240, 240, 240, 240, 240, 240, 240, 240, 240, 240, 240, 240, 240, 240, 240, 240, 240, 240, 240, 240, 240, 240, 240, 240, 240, 240, 240, 240, 240, 240, 240, 240, 240, 240, 240, 240, 240, 240, 240, 240, 240, 240, 240, 240, 240, 240, 240, 240, 240, 240, 240, 240, 240, 240, 240, 240, 240, 240, 240, 240, 240, 240, 240, 240, 240, 240, 240]

ep234
Train step Loss: [1.144814372062683, 1.2120493650436401, 1.1570663452148438, 1.1316914558410645, 1.1618530750274658, 1.1691761016845703, 1.1674234867095947, 1.1888288259506226, 1.1429986953735352, 1.150281548500061, 1.124646782875061, 1.1620279550552368, 1.2081791162490845, 1.1306072473526, 1.1162596940994263, 1.2163031101226807, 1.1666141748428345, 1.0997203588485718, 1.1907252073287964, 1.107191562652588, 1.1201343536376953, 1.1339484453201294, 1.1371102333068848, 1.1183955669403076, 1.1109157800674438, 1.1474153995513916, 1.1290775537490845, 1.1300069093704224, 1.193659782409668, 1.1509268283843994, 1.0260179042816162, 1.170981526374817, 1.1710431575775146, 1.0938200950622559, 1.0970003604888916, 1.154630422592163, 1.1458107233047485, 1.0934503078460693, 1.1065417528152466, 1.0711373090744019, 1.1349031925201416, 1.1205852031707764, 1.178961157798767, 1.2104963064193726, 1.1811621189117432, 1.1657884120941162, 1.2228542566299438, 1.2321867942810059, 1.0628868341445923, 1.1071816682815552, 1.0858731269836426, 1.2200506925582886, 1.1458895206451416, 1.1671957969665527, 1.1356167793273926, 1.1630496978759766, 1.1145923137664795, 1.1581239700317383, 1.1940982341766357, 1.1688874959945679, 1.1238594055175781, 1.2043625116348267, 1.1186497211456299]
val step Loss: [1.0751365423202515, 1.0805221796035767, 1.1607383489608765, 1.1782140731811523, 1.0739796161651611, 1.07659912109375, 1.0781153440475464, 1.1106503009796143, 1.1315174102783203, 1.0759085416793823, 1.0494816303253174, 1.08543860912323, 1.0853378772735596, 1.1489176750183105, 1.112075924873352, 1.018131136894226]
Train step Accs: [0.76184623788065, 0.7417440267843555, 0.7599656357388316, 0.7651098901098901, 0.7571288102261554, 0.7515792566475686, 0.7564046259698434, 0.7505766062602965, 0.7586044318717586, 0.7602901750512537, 0.7671476928558703, 0.7604673807205453, 0.7357274401473296, 0.7580525456434615, 0.771305099394987, 0.7331761006289308, 0.7551945008592408, 0.7693509444681154, 0.7501366867140514, 0.7632445375636037, 0.7594841805368121, 0.7734319442469065, 0.7661317855923523, 0.7724210211109448, 0.766731962128632, 0.7521144087344303, 0.7688059701492538, 0.7604574651417828, 0.7434094903339191, 0.7643195356651902, 0.7934208540817866, 0.7539184952978056, 0.7538694992412747, 0.764017749092376, 0.781344833093755, 0.7630836728298339, 0.7618051404662284, 0.7706917850525016, 0.7742375967228038, 0.7776243093922652, 0.7530335474660956, 0.7619675010979359, 0.750453446191052, 0.7423551275553303, 0.7575711459443008, 0.7471184072651065, 0.7486370157819225, 0.7300789662598708, 0.7762107051826678, 0.7697116067623242, 0.7692779395983443, 0.7406697341513292, 0.7671853754343556, 0.7602486310492822, 0.7652714932126696, 0.7557104716701275, 0.7664092664092664, 0.7629377569828442, 0.7423980879033328, 0.7457779106262143, 0.7617365710080942, 0.7418983148494886, 0.765531660692951]
val step Accs: [0.7709409738531392, 0.7680818929350562, 0.7554370702960572, 0.7540091638029782, 0.7754321808510638, 0.7823102310231023, 0.7780191138140747, 0.7704140075274096, 0.7648535564853557, 0.780668624982515, 0.7819156643964643, 0.7782581840642372, 0.7746878547105562, 0.7598746935439935, 0.7711428151198706, 0.7988560533841754]
Preds: [17, 17, 309, 309, 309, 479, 398, 213, 213, 213, 301, 8, 239, 354, 420, 213, 324, 301, 301, 416, 32, 239, 354, 354, 180, 180, 486, 460, 460, 169, 215, 35, 401, 244, 321, 320, 345, 109, 186, 213, 324, 324, 246, 246, 246, 246, 3, 3, 3, 197, 82, 321, 321, 209, 219, 219, 152, 152, 152, 378, 43, 43, 276, 276, 276, 182, 182, 182, 182, 182, 182, 182, 14, 14, 293, 335, 14, 14, 287, 287, 145, 460, 460, 169, 150, 150, 54, 164, 224, 219, 219, 219, 219, 219, 477, 355, 139, 496, 496, 496, 406, 406, 34, 337, 324, 324, 422, 236, 143, 401, 75, 384, 371, 371, 278, 264, 264, 120, 120, 120, 468, 468, 468, 401, 244, 392, 387, 244, 244, 321, 7, 217, 7, 188, 188, 278, 286, 24, 310, 310, 107, 371, 236, 236, 239, 384, 371, 324, 301, 301, 99, 199, 331, 84, 84, 496, 274, 75, 106, 239, 144, 354, 106, 106, 426, 426, 387, 387, 122, 406, 406, 413, 413, 53, 303, 303, 303, 303, 303, 303, 303, 208, 208, 208, 48, 48, 17, 17, 83, 240, 240, 240, 240, 240, 240, 240, 240, 240, 240, 240, 240, 240, 240, 240, 240, 240, 240, 240, 240, 240, 240, 240, 240, 240, 240, 240, 240, 240, 240, 240, 240, 240, 240, 240, 240, 240, 240, 240, 240, 240, 240, 240, 240, 240, 240, 240, 240, 240, 240, 240, 240, 240, 240, 240, 240, 240, 240, 240, 240, 240, 240, 240, 240, 240, 240, 240, 240, 240, 240, 240, 240, 240, 240, 240, 240, 240, 240, 240, 240, 240, 240, 240, 240, 240, 240, 240, 240, 240, 240, 240, 240, 240, 240, 240, 240, 240, 240, 240, 240, 240, 240, 240, 240, 240, 240, 240, 240, 240, 240, 240, 240, 240, 240, 240, 240, 240, 240, 240, 240, 240, 240, 240, 240, 240, 240, 240, 240, 240, 240, 240, 240, 240, 240, 240, 240, 240, 240, 240, 240, 240, 240, 240, 240, 240, 240, 240, 240, 240, 240, 240, 240, 240, 240, 240, 240, 240, 240, 240, 240, 240, 240, 240, 240, 240, 240, 240, 240, 240, 240, 240, 240, 240, 240, 240, 240, 240, 240, 240, 240, 240, 240, 240, 240, 240, 240, 240, 240, 240, 240, 240, 240, 240, 240, 240, 240, 240, 240, 240, 240, 240, 240, 240, 240, 240, 240, 240, 240, 240, 240, 240, 240, 240, 240, 240, 240, 240, 240, 240, 240, 240, 240, 240, 240, 240, 240, 240, 240, 240, 240, 240, 240, 240, 240, 240, 240, 240, 240, 240, 240, 240, 240, 240, 240, 240, 240, 240, 240, 240, 240, 240, 240, 240, 240, 240, 240, 240, 240, 240, 240, 240, 240, 240, 240, 240, 240, 240, 240, 240, 240, 240, 240, 240, 240, 240, 240, 240, 240, 240, 240, 240, 240, 240, 240, 240, 240, 240, 240, 240, 240, 240, 240, 240, 240, 240, 240, 240, 240, 240, 240, 240, 240, 240, 240, 240, 240, 240, 240, 240, 240, 240, 240, 240, 240, 240, 240, 240, 240, 240, 240, 240, 240, 240, 240, 240, 240, 240, 240, 240, 240, 240, 240, 240, 240, 240, 240, 240, 240, 240, 240, 240, 240, 240, 240, 240, 240, 240, 240, 240, 240, 240, 240, 240, 240, 240, 240, 240, 240, 240, 240, 240, 240, 240, 240, 240, 240, 240, 240, 240, 240, 240, 240, 240, 240, 240, 240, 240, 240, 240, 240, 240, 240, 240, 240, 240, 240, 240, 240, 240, 240, 240, 240, 240, 240, 240, 240, 240, 240, 240, 240, 240, 240, 240, 240, 240, 240, 240, 240, 240, 240, 240]

ep235
Train step Loss: [1.103541612625122, 1.1742825508117676, 1.1198012828826904, 1.1709975004196167, 1.1709178686141968, 1.053517460823059, 1.2171988487243652, 1.1421746015548706, 1.2254834175109863, 1.1116029024124146, 1.1699541807174683, 1.1366546154022217, 1.1572189331054688, 1.1463888883590698, 1.073289155960083, 1.1548675298690796, 1.124962568283081, 1.2255396842956543, 1.1096644401550293, 1.1159781217575073, 1.1626206636428833, 1.115399718284607, 1.1363575458526611, 1.170143961906433, 1.1849238872528076, 1.0634918212890625, 1.1749012470245361, 1.0872217416763306, 1.2289063930511475, 1.179703712463379, 1.2178950309753418, 1.1624644994735718, 1.0982896089553833, 1.116579294204712, 1.2181495428085327, 1.0487350225448608, 1.1071934700012207, 1.1114600896835327, 1.1087074279785156, 1.2348836660385132, 1.157331943511963, 1.1271531581878662, 1.191418170928955, 1.2276839017868042, 1.2228009700775146, 1.1179852485656738, 1.2255921363830566, 1.0706204175949097, 1.183151364326477, 1.138858437538147, 1.0927013158798218, 1.1134123802185059, 1.1691361665725708, 1.1015712022781372, 1.0165958404541016, 1.119826316833496, 1.160332202911377, 1.1713088750839233, 1.17307710647583, 1.0909538269042969, 1.099457859992981, 1.1300352811813354, 1.124522089958191]
val step Loss: [1.1289602518081665, 1.0857748985290527, 1.1018034219741821, 1.090306282043457, 1.0933243036270142, 1.1253432035446167, 1.0947297811508179, 1.1138120889663696, 1.1067248582839966, 0.9888768792152405, 1.049383521080017, 1.1115615367889404, 1.0389606952667236, 1.0570834875106812, 1.1584194898605347, 1.1345497369766235]
Train step Accs: [0.7662865382094639, 0.7597094574562704, 0.7666838222679705, 0.7585193889541716, 0.7563479200432199, 0.7842256333458131, 0.7460848411129695, 0.7702296336796064, 0.7406254631688157, 0.7621790651744569, 0.7500750075007501, 0.7582554517133956, 0.7528984495041207, 0.7597050229581188, 0.7779407450865357, 0.7593825665859564, 0.7621017790649566, 0.7390978850832866, 0.7621771537528168, 0.7666103237550383, 0.7553956834532374, 0.7592475497944989, 0.7505179047055341, 0.7539863325740319, 0.7518713170887084, 0.7837307152875175, 0.7538267097317792, 0.7769892797825759, 0.7475204454497999, 0.7495521901970363, 0.7386324786324786, 0.7541052631578947, 0.772843567251462, 0.7614035087719299, 0.735359856951274, 0.7909212283044059, 0.772567409144197, 0.7676753782668501, 0.7707065980346279, 0.7393753200204813, 0.7656376272830128, 0.7643742953776775, 0.7494044073853484, 0.7397791703968964, 0.7334959597499618, 0.7615499254843517, 0.7391750812938559, 0.7808881723582002, 0.7524904214559387, 0.7618780396558175, 0.7729621125143513, 0.7710950199497562, 0.7573708412226129, 0.7713052858683926, 0.7879270411117545, 0.7630783908411513, 0.7511995734849831, 0.7587213545467815, 0.7530619000331016, 0.7740391588107324, 0.7752364574376612, 0.7628530050687907, 0.7672131147540984]
val step Accs: [0.7631917631917632, 0.7728638184245661, 0.7693582404338656, 0.7780429594272077, 0.7796863330843914, 0.7593309372408072, 0.767665786612828, 0.7681239623685667, 0.7732761360025421, 0.7986151182919792, 0.7851214727629395, 0.7734837799717913, 0.7829081233369855, 0.7759528974279517, 0.7576959912436722, 0.7543093541714548]
Preds: [17, 17, 287, 35, 215, 232, 35, 259, 371, 441, 276, 64, 107, 107, 319, 330, 219, 219, 219, 152, 152, 219, 152, 152, 152, 374, 84, 84, 84, 139, 387, 293, 293, 293, 122, 75, 106, 441, 276, 276, 100, 100, 346, 297, 297, 297, 297, 297, 182, 293, 293, 293, 293, 293, 98, 98, 197, 197, 321, 320, 7, 473, 331, 371, 290, 172, 172, 139, 215, 467, 313, 337, 337, 330, 330, 330, 330, 339, 116, 10, 398, 398, 398, 464, 324, 434, 434, 339, 10, 250, 250, 250, 303, 374, 374, 374, 374, 374, 132, 132, 132, 132, 132, 132, 132, 132, 132, 132, 117, 197, 197, 414, 259, 208, 208, 208, 100, 100, 100, 100, 100, 293, 497, 122, 8, 32, 354, 106, 106, 426, 153, 387, 387, 387, 387, 387, 413, 413, 413, 413, 250, 250, 250, 250, 250, 132, 411, 132, 122, 138, 413, 208, 208, 303, 48, 48, 229, 229, 244, 312, 187, 187, 23, 23, 321, 321, 320, 188, 188, 171, 171, 171, 171, 171, 171, 171, 171, 3, 3, 3, 14, 14, 411, 411, 411, 145, 403, 403, 403, 120, 120, 120, 120, 120, 120, 120, 207, 349, 349, 349, 349, 19, 454, 454, 244, 414, 170, 170, 170, 392, 392, 392, 392, 392, 392, 392, 392, 244, 321, 321, 320, 219, 219, 219, 213, 213, 152, 152, 301, 378, 8, 43, 43, 276, 276, 276, 276, 276, 100, 100, 100, 100, 100, 100, 182, 182, 182, 14, 14, 14, 14, 14, 14, 14, 14, 287, 287, 287, 284, 284, 111, 111, 460, 146, 146, 169, 219, 219, 219, 464, 464, 464, 464, 139, 139, 139, 139, 43, 43, 43, 43, 138, 345, 345, 345, 345, 371, 371, 34, 236, 77, 77, 54, 54, 219, 219, 416, 464, 180, 443, 486, 486, 486, 460, 460, 460, 167, 35, 35, 251, 354, 278, 286, 286, 286, 286, 286, 264, 468, 468, 468, 337, 337, 337, 324, 324, 324, 318, 422, 36, 349, 349, 116, 116, 116, 354, 441, 441, 153, 153, 387, 182, 387, 387, 413, 413, 413, 98, 98, 13, 229, 414, 312, 312, 187, 23, 23, 23, 7, 7, 7, 239, 239, 384, 107, 395, 395, 278, 278, 278, 403, 403, 171, 171, 171, 171, 246, 246, 246, 3, 3, 143, 251, 354, 180, 180, 443, 443, 486, 376, 376, 376, 376, 376, 460, 460, 167, 169, 150, 77, 342, 342, 342, 224, 267, 213, 213, 213, 213, 213, 246, 246, 252, 143, 239, 36, 36, 324, 324, 422, 143, 355, 319, 180, 443, 443, 443, 486, 486, 376, 376, 376, 376, 376, 376, 206, 206, 206, 206, 460, 263, 197, 240, 240, 240, 240, 240, 240, 240, 240, 240, 240, 240, 240, 240, 240, 240, 240, 240, 240, 240, 240, 240, 240, 240, 240, 240, 240, 240, 240, 240, 240, 240, 240, 240, 240, 240, 240, 240, 240, 240, 240, 240, 240, 240, 240, 240, 240, 240, 240, 240, 240, 240, 240, 240, 240, 240, 240, 240, 240, 240, 240, 240, 240, 240, 240, 240, 240, 240, 240, 240, 240, 240, 240, 240, 240, 240, 240, 240, 240, 240, 240, 240, 240, 240, 240, 240, 240, 240, 240, 240, 240, 240, 240, 240, 240, 240, 240, 240, 240, 240, 240, 240, 240, 240, 240, 240, 240, 240, 240, 240, 240, 240, 240, 240, 240, 240, 240, 240, 240, 240, 240, 240, 240, 240, 240, 240, 240, 240, 240, 240, 240, 240, 240, 240, 240, 240, 240, 240, 240, 240, 240, 240, 240, 240, 240, 240, 240, 240, 240, 240, 240, 240, 240, 240, 240, 240, 240, 240, 240]

ep236
Train step Loss: [1.1461176872253418, 1.102044701576233, 1.1222325563430786, 1.2013593912124634, 1.11818528175354, 1.1598091125488281, 1.1883127689361572, 1.1289544105529785, 1.1723194122314453, 1.1258846521377563, 1.0861055850982666, 1.2655680179595947, 1.104106068611145, 1.1716914176940918, 1.1839994192123413, 1.2024930715560913, 1.174933910369873, 1.146504521369934, 1.1165565252304077, 1.1436647176742554, 1.1957138776779175, 1.1597881317138672, 1.1294575929641724, 1.1083710193634033, 1.2247076034545898, 1.1275743246078491, 1.144806146621704, 1.0928679704666138, 1.1915597915649414, 1.1165765523910522, 1.1196731328964233, 1.1946666240692139, 1.1297478675842285, 1.1552075147628784, 1.1533324718475342, 1.1385118961334229, 1.1429104804992676, 1.0626131296157837, 1.0923564434051514, 1.1356269121170044, 1.1250569820404053, 1.1155401468276978, 1.126224398612976, 1.163925290107727, 1.1035809516906738, 1.0960077047348022, 1.1491734981536865, 1.153323769569397, 1.1119706630706787, 1.1141945123672485, 1.198226809501648, 1.0684500932693481, 1.1610482931137085, 1.1424007415771484, 1.1521596908569336, 1.1025667190551758, 1.0610439777374268, 1.0861016511917114, 1.1290264129638672, 1.1073033809661865, 1.1337637901306152, 1.043174147605896, 1.1225336790084839]
val step Loss: [1.1399548053741455, 0.9912036061286926, 1.1332054138183594, 1.1541566848754883, 1.1027721166610718, 1.0345767736434937, 1.0699880123138428, 1.0654542446136475, 1.1286828517913818, 1.128570556640625, 1.144679307937622, 1.0579134225845337, 0.9766295552253723, 1.001928687095642, 1.0983412265777588, 1.1584548950195312]
Train step Accs: [0.7618403247631935, 0.7659483980720159, 0.7679646728221597, 0.7443979683298476, 0.7711167588578263, 0.7596843615494978, 0.7472891012681493, 0.773485269594219, 0.7493765586034913, 0.7678349875930521, 0.7714690154136521, 0.7281697089294524, 0.7715289982425307, 0.7506066828448759, 0.7431457431457431, 0.7459004284236963, 0.754186202277294, 0.762532981530343, 0.7709307267318317, 0.7644125895917732, 0.7532792004996877, 0.7506885055805189, 0.762223606353161, 0.7707623073776081, 0.7459618208516887, 0.7671386513388476, 0.7652523571824736, 0.7756819500870574, 0.7567221510883483, 0.7553909465020576, 0.7690395881413101, 0.7412304866850321, 0.7711733908222975, 0.7584358246609902, 0.7562824652534045, 0.7519618834080718, 0.7561902082160945, 0.7869964664310954, 0.7835976085261243, 0.7760947810437913, 0.7657330567081605, 0.770441767068273, 0.7648536801655336, 0.7589180713445708, 0.7717036806957602, 0.7779653862389194, 0.7641554321966693, 0.7541223891535361, 0.7706167706167706, 0.7749525062107263, 0.7494659749771132, 0.7809661139149243, 0.7531369339879979, 0.7591713422529133, 0.7630475639728206, 0.7694291609353507, 0.7840206926282511, 0.7709601873536299, 0.7651607034566403, 0.769165125871142, 0.7630252100840336, 0.7833979829325058, 0.7633360411589494]
val step Accs: [0.75, 0.8000323572237502, 0.7615701848174736, 0.7570467878094148, 0.767935871743487, 0.7917391304347826, 0.781781935285999, 0.7783839958430762, 0.7634230959854618, 0.7698064096307141, 0.7582557154953429, 0.7813024035774175, 0.7993328651685393, 0.7947250907061122, 0.765990639625585, 0.7603854389721627]
Preds: [17, 17, 309, 309, 309, 479, 398, 398, 213, 213, 213, 213, 252, 252, 318, 34, 324, 464, 464, 434, 282, 282, 31, 259, 338, 338, 145, 145, 273, 428, 403, 403, 403, 403, 171, 171, 252, 358, 143, 310, 219, 219, 152, 286, 286, 286, 286, 468, 468, 467, 467, 467, 467, 486, 486, 486, 486, 85, 240, 240, 175, 331, 486, 284, 460, 460, 169, 150, 35, 406, 100, 100, 497, 497, 497, 77, 467, 467, 467, 302, 264, 264, 264, 468, 468, 337, 337, 337, 464, 443, 315, 315, 315, 315, 450, 450, 450, 167, 203, 203, 406, 406, 406, 395, 468, 468, 331, 331, 494, 355, 355, 452, 263, 263, 263, 13, 170, 244, 244, 66, 66, 442, 201, 201, 201, 63, 20, 244, 321, 321, 321, 321, 83, 83, 111, 111, 169, 36, 36, 99, 338, 338, 395, 395, 395, 180, 443, 460, 178, 271, 35, 77, 34, 451, 451, 451, 213, 213, 213, 464, 464, 282, 31, 36, 36, 342, 342, 342, 168, 267, 31, 290, 464, 464, 443, 315, 284, 284, 284, 426, 450, 293, 293, 122, 276, 65, 65, 428, 284, 284, 206, 206, 240, 167, 35, 406, 406, 406, 302, 496, 496, 251, 251, 75, 127, 114, 331, 486, 486, 443, 146, 169, 271, 150, 150, 342, 342, 342, 175, 338, 401, 401, 354, 188, 278, 428, 213, 213, 213, 324, 464, 464, 464, 464, 464, 271, 271, 150, 150, 232, 232, 172, 115, 115, 273, 267, 206, 443, 443, 443, 450, 450, 203, 271, 271, 77, 77, 342, 224, 494, 290, 116, 116, 10, 199, 398, 398, 398, 464, 464, 143, 349, 75, 116, 354, 354, 106, 284, 284, 284, 206, 169, 263, 263, 13, 229, 229, 312, 312, 126, 126, 187, 23, 408, 149, 149, 321, 321, 320, 7, 320, 441, 473, 441, 309, 132, 186, 36, 259, 259, 338, 338, 338, 338, 400, 400, 395, 374, 302, 81, 331, 144, 431, 99, 259, 259, 338, 338, 338, 338, 338, 338, 338, 81, 19, 19, 454, 48, 48, 414, 414, 82, 82, 82, 80, 80, 80, 80, 244, 244, 244, 80, 320, 320, 217, 75, 75, 164, 164, 444, 444, 428, 213, 213, 213, 213, 252, 252, 325, 77, 420, 324, 324, 464, 464, 464, 464, 315, 486, 486, 486, 120, 120, 271, 271, 207, 246, 246, 246, 246, 246, 246, 318, 325, 77, 54, 338, 338, 338, 337, 267, 267, 41, 41, 19, 454, 48, 48, 414, 414, 414, 321, 82, 82, 80, 80, 320, 321, 320, 287, 287, 287, 426, 497, 98, 276, 70, 70, 276, 65, 174, 319, 319, 348, 64, 310, 310, 395, 395, 395, 371, 116, 10, 331, 84, 84, 496, 293, 293, 43, 8, 8, 107, 100, 100, 100, 122, 98, 98, 98, 98, 13, 83, 240, 240, 240, 240, 240, 240, 240, 240, 240, 240, 240, 240, 240, 240, 240, 240, 240, 240, 240, 240, 240, 240, 240, 240, 240, 240, 240, 240, 240, 240, 240, 240, 240, 240, 240, 240, 240, 240, 240, 240, 240, 240, 240, 240, 240, 240, 240, 240, 240, 240, 240, 240, 240, 240, 240, 240, 240, 240, 240, 240, 240, 240, 240, 240, 240, 240, 240, 240, 240, 240, 240, 240, 240, 240, 240, 240, 240, 240, 240, 240, 240, 240, 240, 240, 240, 240, 240, 240, 240, 240, 240, 240, 240, 240, 240, 240, 240, 240, 240, 240, 240, 240, 240, 240, 240, 240, 240, 240, 240, 240, 240, 240, 240, 240, 240, 240, 240, 240, 240, 240, 240, 240, 240, 240, 240, 240, 240, 240, 240, 240, 240, 240, 240, 240, 240, 240, 240]

ep237
Train step Loss: [1.149677038192749, 1.0507028102874756, 1.1683441400527954, 1.0192735195159912, 1.1198654174804688, 1.1383649110794067, 1.0902166366577148, 1.1274192333221436, 1.0758994817733765, 1.089348316192627, 1.1533390283584595, 1.1531227827072144, 1.1087325811386108, 1.1107900142669678, 1.151078224182129, 1.1475107669830322, 1.1287026405334473, 1.191048264503479, 1.1491543054580688, 1.1189067363739014, 1.1367931365966797, 1.1402963399887085, 1.1369295120239258, 1.1132774353027344, 1.032041072845459, 1.0947505235671997, 1.1942517757415771, 1.1179697513580322, 1.2007639408111572, 1.1689742803573608, 1.0428473949432373, 1.1204302310943604, 1.1506478786468506, 1.1688226461410522, 1.102376103401184, 1.1922247409820557, 1.1537152528762817, 1.1670693159103394, 1.16105318069458, 1.1333322525024414, 1.163241982460022, 1.0649909973144531, 1.2335904836654663, 1.082969307899475, 1.1664893627166748, 1.1090089082717896, 1.1476677656173706, 1.1714180707931519, 1.1201879978179932, 1.1421668529510498, 1.1231974363327026, 1.092287540435791, 1.110158920288086, 1.064153790473938, 1.1062662601470947, 1.115861177444458, 1.0924935340881348, 1.146601915359497, 1.1594173908233643, 1.163210153579712, 1.1863359212875366, 1.156292200088501, 1.2416024208068848]
val step Loss: [1.103467345237732, 1.0442513227462769, 1.1097067594528198, 1.0943057537078857, 0.9767088890075684, 1.0138601064682007, 1.1334025859832764, 1.139539122581482, 1.1277996301651, 1.0739827156066895, 1.0699368715286255, 1.1193509101867676, 1.116925835609436, 0.9930154085159302, 1.0969924926757812, 1.050743579864502]
Train step Accs: [0.765440666204025, 0.7797276853252647, 0.7545196473927984, 0.7981754385964912, 0.7595316721705193, 0.7610313662945242, 0.7746677091477717, 0.7651084710743802, 0.779167878964213, 0.7715141612200436, 0.7541528239202658, 0.7525626423690205, 0.7691466083150985, 0.7651230705047977, 0.7586718605082545, 0.7553855760224789, 0.767667972718038, 0.7540785498489426, 0.7606348167539267, 0.76949826130154, 0.7591311343523733, 0.7557632398753894, 0.7653622972771909, 0.7703261368856225, 0.7898351648351648, 0.7735048777039446, 0.7425871619420007, 0.7632642748863062, 0.7503128911138923, 0.7599017500767578, 0.7816073946420179, 0.7632680395111334, 0.7586998087954111, 0.7537850113550341, 0.7718200774501043, 0.7667310732478483, 0.766307789740342, 0.7547723935389133, 0.7535314174378958, 0.7736373748609566, 0.7477491961414791, 0.7789860621841017, 0.7417960306543525, 0.7737757992715499, 0.7550750220653133, 0.7722572509457756, 0.7555951994810249, 0.7483626837432689, 0.7705328230791875, 0.7663591813202653, 0.7765861027190333, 0.7785265049415993, 0.7665694039182993, 0.7774752829918327, 0.7779726411785338, 0.7740029542097489, 0.7636049524906421, 0.7645473283653084, 0.7525525525525526, 0.750924784217016, 0.7538142497407792, 0.7553317535545023, 0.7394751230180426]
val step Accs: [0.7746087834427057, 0.7841736317066594, 0.772719856420297, 0.7774535401628014, 0.805222602739726, 0.7860262008733624, 0.7648354674376979, 0.7671716428886601, 0.7638254293366945, 0.7835473402003669, 0.7821662873209265, 0.7649415157827272, 0.7638100925649448, 0.7974604169932591, 0.7715977855027681, 0.7834960070984915]
Preds: [17, 17, 296, 296, 217, 473, 473, 65, 443, 240, 240, 35, 35, 35, 75, 114, 443, 486, 460, 460, 178, 35, 259, 32, 208, 473, 278, 139, 286, 286, 286, 286, 286, 286, 171, 171, 171, 324, 252, 252, 246, 246, 246, 246, 246, 246, 301, 378, 88, 88, 106, 100, 387, 497, 497, 497, 8, 8, 467, 100, 100, 153, 153, 387, 387, 345, 467, 106, 413, 413, 413, 413, 122, 122, 303, 303, 303, 303, 303, 303, 303, 303, 117, 117, 48, 197, 197, 414, 170, 244, 321, 320, 7, 7, 7, 219, 219, 219, 213, 213, 301, 374, 8, 132, 473, 331, 331, 403, 403, 403, 403, 240, 207, 416, 349, 259, 354, 420, 428, 286, 403, 403, 171, 171, 171, 171, 252, 252, 143, 143, 32, 354, 84, 84, 496, 424, 424, 43, 43, 43, 276, 276, 276, 153, 153, 182, 182, 497, 497, 497, 122, 259, 259, 321, 259, 354, 354, 354, 354, 486, 460, 460, 460, 169, 150, 77, 342, 224, 494, 324, 324, 236, 116, 10, 10, 199, 345, 212, 290, 290, 290, 54, 36, 54, 54, 115, 273, 273, 106, 106, 426, 426, 426, 426, 100, 100, 100, 481, 426, 428, 405, 428, 206, 229, 98, 98, 98, 13, 13, 170, 170, 170, 244, 392, 392, 392, 392, 392, 392, 392, 392, 392, 392, 392, 392, 392, 392, 392, 392, 392, 73, 73, 321, 321, 320, 320, 287, 287, 287, 284, 284, 284, 284, 284, 284, 450, 450, 413, 413, 413, 413, 375, 375, 348, 303, 303, 303, 303, 303, 303, 303, 303, 303, 303, 303, 303, 303, 98, 98, 303, 17, 83, 240, 240, 240, 240, 240, 240, 240, 240, 240, 240, 240, 240, 240, 240, 240, 240, 240, 240, 240, 240, 240, 240, 240, 240, 240, 240, 240, 240, 240, 240, 240, 240, 240, 240, 240, 240, 240, 240, 240, 240, 240, 240, 240, 240, 240, 240, 240, 240, 240, 240, 240, 240, 240, 240, 240, 240, 240, 240, 240, 240, 240, 240, 240, 240, 240, 240, 240, 240, 240, 240, 240, 240, 240, 240, 240, 240, 240, 240, 240, 240, 240, 240, 240, 240, 240, 240, 240, 240, 240, 240, 240, 240, 240, 240, 240, 240, 240, 240, 240, 240, 240, 240, 240, 240, 240, 240, 240, 240, 240, 240, 240, 240, 240, 240, 240, 240, 240, 240, 240, 240, 240, 240, 240, 240, 240, 240, 240, 240, 240, 240, 240, 240, 240, 240, 240, 240, 240, 240, 240, 240, 240, 240, 240, 240, 240, 240, 240, 240, 240, 240, 240, 240, 240, 240, 240, 240, 240, 240, 240, 240, 240, 240, 240, 240, 240, 240, 240, 240, 240, 240, 240, 240, 240, 240, 240, 240, 240, 240, 240, 240, 240, 240, 240, 240, 240, 240, 240, 240, 240, 240, 240, 240, 240, 240, 240, 240, 240, 240, 240, 240, 240, 240, 240, 240, 240, 240, 240, 240, 240, 240, 240, 240, 240, 240, 240, 240, 240, 240, 240, 240, 240, 240, 240, 240, 240, 240, 240, 240, 240, 240, 240, 240, 240, 240, 240, 240, 240, 240, 240, 240, 240, 240, 240, 240, 240, 240, 240, 240, 240, 240, 240, 240, 240, 240, 240, 240, 240, 240, 240, 240, 240, 240, 240, 240, 240, 240, 240, 240, 240, 240, 240, 240, 240, 240, 240, 240, 240, 240, 240, 240, 240, 240, 240, 240, 240, 240, 240, 240, 240, 240, 240, 240, 240, 240, 240, 240, 240, 240, 240, 240, 240, 240, 240, 240, 240, 240, 240, 240, 240, 240, 240, 240, 240, 240, 240, 240, 240, 240, 240, 240, 240, 240, 240, 240, 240, 240, 240, 240]

ep238
Train step Loss: [1.1400529146194458, 1.1618021726608276, 1.1271955966949463, 1.2297413349151611, 1.1362234354019165, 1.0968290567398071, 1.0478065013885498, 1.1667559146881104, 1.1005326509475708, 1.1110798120498657, 1.1617642641067505, 1.1981357336044312, 1.1200008392333984, 0.982116162776947, 1.0205562114715576, 1.160230278968811, 1.170078158378601, 1.1555625200271606, 1.1717891693115234, 1.148877501487732, 1.1028798818588257, 1.1397690773010254, 1.093955397605896, 1.1166610717773438, 1.1877802610397339, 1.1059077978134155, 1.2038908004760742, 1.1621431112289429, 1.091554880142212, 1.08930242061615, 1.1423243284225464, 1.1532872915267944, 1.0461095571517944, 1.1075619459152222, 1.0882670879364014, 1.1096354722976685, 1.1368484497070312, 1.0576597452163696, 1.141046404838562, 1.163651704788208, 1.099692940711975, 1.0844625234603882, 1.159801959991455, 1.1965973377227783, 1.1313015222549438, 1.1640872955322266, 1.138759732246399, 1.1150280237197876, 1.0976426601409912, 1.1070221662521362, 1.075473427772522, 1.104439616203308, 1.1475452184677124, 1.145817756652832, 1.0971688032150269, 1.2083390951156616, 1.051277756690979, 1.0678175687789917, 1.090731143951416, 1.1710971593856812, 1.1592607498168945, 1.1194698810577393, 1.0371037721633911]
val step Loss: [1.1002717018127441, 1.0840394496917725, 1.0848084688186646, 0.973332405090332, 1.1078894138336182, 1.1096088886260986, 1.0704245567321777, 1.054800033569336, 1.0604557991027832, 1.1040881872177124, 1.030258297920227, 1.1380664110183716, 1.0236543416976929, 1.099593997001648, 1.0289703607559204, 1.1614172458648682]
Train step Accs: [0.7567418822234453, 0.7620271234832263, 0.772146847565842, 0.7441469013006886, 0.763929231581727, 0.7712609970674487, 0.7855100095328885, 0.7546630818349858, 0.7692195690157251, 0.769780888618381, 0.7536758893280633, 0.7493244317278652, 0.7695590327169275, 0.801834572196742, 0.7941576086956522, 0.748105486511064, 0.7640104406571473, 0.7591099163679809, 0.7617403314917127, 0.7640156453715776, 0.773164956590371, 0.7592954990215264, 0.7690718372536555, 0.7743606886177503, 0.7479300827966882, 0.7732663057489043, 0.7478931581202686, 0.759609868043603, 0.769277290595706, 0.7829360100376411, 0.7670790747713825, 0.7543831429950136, 0.7893794749403341, 0.7673469387755102, 0.7778246205733558, 0.76893175928592, 0.7639761306532663, 0.7899484536082474, 0.7708019191226868, 0.7525708943596136, 0.7730911330049262, 0.7758315924795115, 0.7567396798652064, 0.7522866996551207, 0.7653970303421562, 0.7442218798151001, 0.753763135472877, 0.7793572311495673, 0.7650602409638554, 0.7761961249505733, 0.7777635619242579, 0.7650852802063924, 0.7571018193424832, 0.7666062801932367, 0.7766528608682314, 0.7423110089106065, 0.7751801441152922, 0.7889701744513224, 0.7792478073435409, 0.7488051997705983, 0.7574376842669526, 0.7675227837613919, 0.7856380138814736]
val step Accs: [0.7679697351828499, 0.7765451664025357, 0.7783031613077547, 0.8006718924972005, 0.7614964925954794, 0.7752528569552082, 0.7812061711079944, 0.784910655195235, 0.7764283270612384, 0.774526678141136, 0.7864614465032875, 0.7691241685144125, 0.7897452434698484, 0.7722029186935372, 0.7862552594670407, 0.7545136081918621]
Preds: [17, 17, 17, 17, 17, 317, 317, 317, 317, 317, 317, 317, 317, 317, 461, 461, 461, 461, 461, 461, 461, 461, 461, 461, 461, 461, 461, 461, 63, 63, 63, 63, 63, 63, 63, 63, 63, 244, 249, 249, 249, 211, 249, 249, 461, 211, 211, 289, 289, 289, 241, 241, 241, 401, 82, 244, 244, 63, 66, 461, 401, 73, 73, 73, 244, 320, 188, 188, 188, 188, 278, 339, 64, 75, 239, 239, 109, 109, 301, 494, 374, 338, 345, 331, 111, 111, 240, 99, 99, 338, 338, 199, 496, 371, 348, 259, 479, 331, 371, 371, 35, 264, 330, 240, 314, 239, 384, 371, 106, 496, 88, 290, 290, 99, 338, 479, 331, 331, 284, 315, 315, 315, 450, 450, 450, 450, 167, 167, 293, 35, 414, 414, 411, 276, 424, 424, 424, 182, 497, 169, 349, 77, 384, 384, 17, 197, 7, 188, 278, 278, 278, 301, 301, 422, 349, 349, 303, 303, 303, 303, 261, 354, 354, 65, 443, 443, 240, 178, 143, 36, 239, 239, 107, 107, 395, 278, 374, 346, 139, 139, 450, 150, 494, 494, 494, 164, 77, 239, 384, 371, 164, 278, 143, 36, 36, 342, 342, 224, 267, 494, 264, 150, 36, 232, 232, 172, 115, 115, 267, 213, 213, 213, 246, 246, 318, 318, 416, 349, 342, 338, 75, 427, 197, 56, 56, 82, 187, 187, 187, 244, 392, 392, 392, 63, 63, 73, 73, 73, 244, 287, 287, 35, 426, 35, 349, 32, 239, 32, 354, 106, 153, 153, 387, 387, 387, 387, 413, 406, 406, 406, 250, 250, 132, 132, 132, 132, 132, 132, 98, 98, 98, 197, 197, 197, 197, 80, 414, 209, 287, 284, 460, 240, 240, 35, 35, 36, 342, 224, 324, 324, 324, 3, 14, 14, 14, 14, 411, 411, 212, 458, 239, 259, 458, 208, 441, 144, 107, 319, 374, 94, 10, 212, 41, 324, 324, 301, 251, 251, 251, 251, 431, 331, 84, 496, 496, 497, 75, 8, 32, 354, 106, 313, 240, 240, 35, 35, 35, 251, 473, 180, 284, 284, 284, 284, 284, 284, 376, 206, 206, 206, 263, 263, 263, 35, 414, 312, 312, 312, 187, 187, 187, 187, 187, 244, 392, 63, 63, 63, 63, 63, 63, 63, 63, 63, 73, 73, 73, 244, 83, 83, 83, 240, 416, 75, 32, 32, 239, 354, 180, 35, 84, 35, 406, 496, 88, 250, 250, 250, 132, 132, 117, 303, 473, 473, 398, 278, 213, 252, 236, 143, 239, 239, 239, 384, 371, 371, 213, 213, 213, 213, 213, 246, 246, 3, 3, 14, 335, 80, 80, 209, 287, 145, 460, 460, 240, 35, 35, 36, 36, 224, 342, 399, 217, 70, 70, 473, 65, 145, 315, 468, 468, 406, 467, 450, 413, 413, 64, 212, 36, 239, 384, 371, 324, 301, 301, 251, 251, 241, 431, 84, 496, 496, 250, 75, 106, 106, 32, 208, 354, 65, 65, 153, 153, 426, 426, 182, 375, 375, 98, 98, 98, 263, 414, 414, 414, 312, 312, 312, 187, 187, 187, 187, 80, 392, 392, 63, 63, 63, 63, 73, 73, 73, 73, 320, 83, 83, 83, 443, 240, 416, 349, 32, 239, 354, 180, 180, 84, 84, 330, 406, 406, 406, 250, 250, 250, 250, 497, 497, 98, 14, 14, 14, 411, 287, 387, 387, 250, 75, 349, 406, 32, 354, 106, 106, 387, 387, 387, 387, 406, 406, 406, 406, 250, 250, 132, 132, 132, 132, 132, 122, 138, 138, 138, 138, 117, 117, 250, 197, 197, 414, 82, 287, 287, 284, 460, 169, 150, 35, 77, 342, 342, 224, 494, 324, 301, 399, 217, 217, 473, 473]

ep239
Train step Loss: [1.0543261766433716, 1.084775447845459, 1.0117539167404175, 1.1331757307052612, 1.187613844871521, 1.1295911073684692, 1.0573142766952515, 1.1029424667358398, 1.1457496881484985, 1.1603869199752808, 1.112355351448059, 1.1516600847244263, 1.0816963911056519, 1.114155650138855, 1.2019959688186646, 1.0858434438705444, 1.0679751634597778, 1.1044265031814575, 1.1378339529037476, 1.107391357421875, 1.060519814491272, 1.1143038272857666, 1.069586157798767, 1.1098872423171997, 1.1764757633209229, 1.164919137954712, 1.047427773475647, 1.0692652463912964, 1.123783826828003, 1.1374934911727905, 1.0695545673370361, 1.1340408325195312, 1.1268351078033447, 1.1677793264389038, 1.1078121662139893, 1.1243791580200195, 1.0015445947647095, 1.1572962999343872, 1.1761326789855957, 1.1576664447784424, 1.0521817207336426, 1.1794427633285522, 1.1353471279144287, 1.040479063987732, 1.1160609722137451, 1.1815685033798218, 1.1949281692504883, 1.1247644424438477, 1.1769644021987915, 1.1787482500076294, 1.1313891410827637, 1.084776759147644, 1.0709153413772583, 1.1721479892730713, 1.1547843217849731, 1.174053430557251, 1.1568959951400757, 1.113084077835083, 1.1463449001312256, 1.1082817316055298, 1.0944368839263916, 1.1430326700210571, 1.0747711658477783]
val step Loss: [1.1022355556488037, 1.1613446474075317, 1.096564531326294, 1.052456021308899, 1.0691232681274414, 1.0078355073928833, 1.0456644296646118, 1.0421220064163208, 1.020263671875, 1.1242262125015259, 1.0540274381637573, 1.0842716693878174, 1.0710440874099731, 1.0873792171478271, 1.0784447193145752, 1.0002328157424927]
Train step Accs: [0.7800357873210634, 0.7735144819349059, 0.7842741935483871, 0.7605463347164592, 0.7568093385214008, 0.7635069556777742, 0.784534127843987, 0.773442967109867, 0.7628465179175118, 0.7540911747516073, 0.769501054111033, 0.7633991537376587, 0.7782006393667225, 0.7714706363487649, 0.7411979881115683, 0.7724211815120906, 0.7828660436137072, 0.7735219538235687, 0.7563037458096488, 0.7681550929604323, 0.7733598409542743, 0.769026156346978, 0.7840820767915436, 0.7702048947068867, 0.7451847173981686, 0.7504472271914132, 0.7864454094292804, 0.7786588921282799, 0.7684151785714286, 0.7678965162428341, 0.7777777777777778, 0.7663099758370728, 0.7719416689170943, 0.7483071603515343, 0.7670499291226965, 0.7697274031563845, 0.7946544980443285, 0.7560939135636309, 0.7535143769968051, 0.7591181715026747, 0.7837114273636748, 0.7543942247332078, 0.7662220890154353, 0.7866411692391749, 0.7749130022144891, 0.7555172953513852, 0.7500998003992015, 0.7719675657785868, 0.741520655843112, 0.7516102394715112, 0.7674330946098756, 0.7739007092198582, 0.7856025039123631, 0.7565584296459366, 0.7628403998621165, 0.7526132404181185, 0.761652845295968, 0.7785777255362915, 0.7562739887806318, 0.7727136879856545, 0.7747551686615887, 0.7627606038820992, 0.784394250513347]
val step Accs: [0.7761753677531007, 0.753574555004377, 0.7743558469278854, 0.779835390946502, 0.7801261291972047, 0.7983712863821445, 0.7855156891301469, 0.7844302481057792, 0.7947258848022207, 0.7624292007551919, 0.7840720221606648, 0.7736385161799526, 0.7763492300792345, 0.7814520870076426, 0.7813569872393402, 0.7983802216538789]
Preds: [17, 287, 287, 111, 111, 111, 468, 468, 468, 468, 337, 337, 337, 324, 464, 464, 464, 443, 315, 315, 315, 450, 450, 450, 450, 175, 175, 175, 331, 426, 319, 319, 319, 290, 290, 290, 434, 324, 219, 219, 219, 219, 219, 152, 152, 301, 301, 143, 251, 259, 354, 65, 428, 428, 428, 330, 330, 388, 94, 199, 371, 150, 150, 150, 388, 388, 34, 496, 117, 117, 212, 239, 107, 107, 107, 401, 75, 251, 251, 259, 441, 441, 100, 100, 424, 387, 387, 122, 240, 285, 34, 34, 180, 84, 84, 426, 426, 426, 319, 413, 348, 53, 117, 75, 259, 208, 287, 443, 285, 497, 43, 43, 75, 208, 208, 276, 153, 153, 387, 387, 122, 122, 88, 468, 467, 337, 337, 146, 464, 464, 464, 450, 282, 150, 150, 271, 150, 77, 342, 342, 224, 115, 267, 267, 171, 464, 464, 171, 171, 252, 416, 416, 75, 395, 395, 395, 106, 284, 486, 486, 486, 206, 206, 450, 175, 175, 241, 431, 331, 428, 428, 428, 428, 146, 207, 207, 454, 454, 229, 229, 170, 75, 312, 312, 187, 292, 292, 292, 292, 201, 392, 392, 392, 149, 149, 244, 321, 321, 320, 83, 83, 83, 301, 301, 150, 150, 150, 342, 342, 342, 115, 273, 444, 403, 403, 171, 171, 171, 252, 252, 416, 280, 114, 264, 264, 264, 264, 264, 264, 468, 468, 468, 467, 175, 496, 395, 395, 107, 107, 107, 208, 208, 354, 100, 100, 100, 375, 375, 375, 98, 98, 98, 48, 48, 414, 414, 170, 80, 80, 244, 244, 321, 320, 320, 219, 213, 213, 213, 213, 246, 416, 416, 32, 354, 180, 180, 443, 355, 355, 355, 355, 355, 263, 263, 263, 263, 13, 414, 170, 170, 170, 47, 47, 47, 392, 73, 244, 321, 321, 320, 320, 441, 345, 153, 153, 43, 43, 43, 43, 43, 345, 345, 276, 109, 88, 496, 496, 240, 88, 36, 310, 36, 54, 54, 338, 400, 400, 400, 213, 213, 19, 19, 19, 454, 197, 197, 197, 80, 321, 321, 83, 83, 301, 301, 150, 186, 54, 54, 77, 342, 342, 494, 494, 267, 267, 171, 464, 464, 464, 171, 171, 252, 422, 416, 349, 395, 395, 354, 106, 284, 284, 486, 460, 206, 175, 175, 175, 81, 81, 331, 403, 403, 403, 207, 207, 19, 454, 454, 229, 414, 170, 170, 170, 392, 392, 392, 392, 244, 392, 392, 392, 244, 80, 321, 321, 320, 7, 188, 188, 188, 188, 434, 434, 339, 250, 345, 398, 290, 374, 132, 10, 338, 473, 36, 310, 338, 338, 338, 400, 400, 444, 278, 278, 434, 434, 434, 339, 416, 250, 188, 434, 434, 434, 99, 76, 251, 259, 371, 371, 337, 337, 213, 213, 213, 464, 464, 464, 464, 450, 330, 330, 203, 94, 473, 473, 371, 371, 290, 171, 171, 252, 252, 143, 36, 310, 310, 36, 371, 371, 395, 434, 434, 464, 464, 120, 120, 120, 120, 120, 282, 282, 282, 203, 203, 203, 53, 53, 303, 250, 303, 276, 276, 65, 65, 426, 88, 88, 175, 175, 452, 263, 263, 263, 48, 414, 414, 170, 170, 244, 392, 392, 392, 392, 63, 63, 63, 63, 320, 320, 7, 7, 7, 7, 188, 278, 278, 278, 278, 278, 246, 246, 246, 246, 246, 246, 246, 252, 252, 143, 310, 310, 107, 107, 107, 400, 400, 420, 301, 301, 77, 84, 109, 180, 486, 486, 376, 376, 460, 460, 17, 240, 240, 240, 240, 240, 240, 240, 240, 240, 240, 240, 240, 240, 240, 240, 240, 240, 240, 240, 240, 240, 240, 240, 240, 240, 240, 240, 240, 240, 240]

ep240
Train step Loss: [1.0883359909057617, 1.0588065385818481, 1.1046923398971558, 1.0407785177230835, 1.165298581123352, 1.1353826522827148, 1.239475131034851, 1.0578148365020752, 1.1155811548233032, 1.065860390663147, 1.1525566577911377, 1.1372087001800537, 1.1024366617202759, 1.0668052434921265, 1.1126372814178467, 1.0922261476516724, 1.1369383335113525, 1.0731505155563354, 1.14561927318573, 1.123818278312683, 1.1109352111816406, 1.0489941835403442, 1.1253621578216553, 1.1487826108932495, 1.1512240171432495, 1.1396573781967163, 1.17633855342865, 1.1034375429153442, 1.0886105298995972, 1.084299087524414, 1.0357630252838135, 1.1629574298858643, 1.0839040279388428, 1.1750580072402954, 1.1189600229263306, 1.0861306190490723, 1.174928903579712, 1.1538904905319214, 1.0368554592132568, 1.1014461517333984, 1.151174545288086, 1.0393702983856201, 1.2007492780685425, 1.0995954275131226, 1.0520323514938354, 1.1046816110610962, 1.1125296354293823, 1.1229249238967896, 1.0881493091583252, 1.092427134513855, 1.102824091911316, 1.074785828590393, 1.1368738412857056, 1.183543086051941, 1.078425407409668, 1.1475555896759033, 1.0546036958694458, 1.098259449005127, 1.0777946710586548, 1.2216604948043823, 1.193612813949585, 1.1089653968811035, 1.037183165550232]
val step Loss: [1.046515703201294, 1.1067944765090942, 1.0312485694885254, 1.0753319263458252, 1.0384242534637451, 0.9989100694656372, 1.1187409162521362, 1.1145596504211426, 0.9683932662010193, 0.9869190454483032, 1.0985500812530518, 1.1060240268707275, 1.0743759870529175, 1.1040189266204834, 1.0621017217636108, 1.080870270729065]
Train step Accs: [0.7692563081009296, 0.7840620592383639, 0.7674926177943253, 0.7871774408087258, 0.7542449969678593, 0.7706794147472114, 0.7350788746137583, 0.7807907892743524, 0.7625237330217614, 0.779877341289574, 0.7573199683460828, 0.7649787398531117, 0.7738078291814947, 0.7891659501289768, 0.7675941080196399, 0.7779427044678641, 0.7678055190538765, 0.7703669864473884, 0.7685344154830654, 0.7663958212420198, 0.7823467389667118, 0.7847856154910097, 0.7613707165109034, 0.754863813229572, 0.7499603111605017, 0.7657518902268272, 0.7484993073726335, 0.7729962345346961, 0.7739550324430361, 0.7795562599049128, 0.7848480075602458, 0.759240615561628, 0.7766452749465207, 0.7432617633622659, 0.7626762676267627, 0.7786706847480328, 0.7580125165939693, 0.7549478773228584, 0.7908614232209737, 0.7761891668957932, 0.7558974358974359, 0.7886774036115178, 0.7570491221847845, 0.7725752508361204, 0.7858064516129032, 0.7662228215068262, 0.7628167924163282, 0.759986955812816, 0.7752299693374217, 0.7831513260530422, 0.7736058301647655, 0.7792642140468228, 0.7591434823382307, 0.7520648030495553, 0.7746932515337424, 0.7654066774525665, 0.7801352605755205, 0.7792343995804929, 0.7795690343176377, 0.7415061844371379, 0.7430010368834247, 0.7752545027407988, 0.7698123044838373]
val step Accs: [0.7773948010914835, 0.7709220832760753, 0.7953236782411447, 0.7739104566413804, 0.7860526315789473, 0.7920560747663551, 0.7620872641509434, 0.7723724560914413, 0.8010921727618733, 0.8042350907519447, 0.776851234156104, 0.7681870669745958, 0.7723863462421552, 0.7708485468088214, 0.784838497033619, 0.7750596658711217]
Preds: [17, 17, 309, 309, 354, 65, 278, 213, 360, 360, 252, 378, 8, 354, 420, 213, 213, 324, 324, 324, 301, 301, 8, 354, 109, 180, 443, 486, 486, 376, 460, 460, 167, 167, 35, 35, 35, 293, 10, 354, 109, 109, 290, 428, 171, 171, 171, 171, 171, 246, 246, 3, 3, 3, 3, 143, 197, 219, 219, 219, 219, 152, 152, 152, 374, 374, 378, 378, 43, 276, 276, 182, 182, 182, 100, 100, 100, 100, 100, 293, 293, 293, 293, 293, 14, 14, 287, 145, 486, 460, 460, 460, 169, 150, 150, 150, 54, 224, 224, 224, 219, 434, 434, 434, 374, 374, 468, 468, 468, 468, 468, 468, 467, 337, 337, 337, 337, 286, 286, 24, 239, 384, 384, 371, 371, 470, 278, 264, 264, 264, 120, 120, 120, 207, 416, 468, 468, 35, 414, 82, 80, 82, 321, 320, 217, 473, 473, 346, 346, 171, 171, 171, 252, 36, 246, 143, 107, 213, 324, 422, 36, 232, 342, 416, 434, 434, 301, 139, 139, 139, 84, 139, 293, 293, 293, 122, 8, 473, 276, 100, 153, 153, 153, 481, 387, 387, 122, 88, 88, 468, 413, 413, 413, 413, 53, 208, 208, 208, 208, 303, 208, 208, 208, 208, 208, 208, 48, 48, 17, 83, 240, 240, 240, 240, 240, 240, 240, 240, 240, 240, 240, 240, 240, 240, 240, 240, 240, 240, 240, 240, 240, 240, 240, 240, 240, 240, 240, 240, 240, 240, 240, 240, 240, 240, 240, 240, 240, 240, 240, 240, 240, 240, 240, 240, 240, 240, 240, 240, 240, 240, 240, 240, 240, 240, 240, 240, 240, 240, 240, 240, 240, 240, 240, 240, 240, 240, 240, 240, 240, 240, 240, 240, 240, 240, 240, 240, 240, 240, 240, 240, 240, 240, 240, 240, 240, 240, 240, 240, 240, 240, 240, 240, 240, 240, 240, 240, 240, 240, 240, 240, 240, 240, 240, 240, 240, 240, 240, 240, 240, 240, 240, 240, 240, 240, 240, 240, 240, 240, 240, 240, 240, 240, 240, 240, 240, 240, 240, 240, 240, 240, 240, 240, 240, 240, 240, 240, 240, 240, 240, 240, 240, 240, 240, 240, 240, 240, 240, 240, 240, 240, 240, 240, 240, 240, 240, 240, 240, 240, 240, 240, 240, 240, 240, 240, 240, 240, 240, 240, 240, 240, 240, 240, 240, 240, 240, 240, 240, 240, 240, 240, 240, 240, 240, 240, 240, 240, 240, 240, 240, 240, 240, 240, 240, 240, 240, 240, 240, 240, 240, 240, 240, 240, 240, 240, 240, 240, 240, 240, 240, 240, 240, 240, 240, 240, 240, 240, 240, 240, 240, 240, 240, 240, 240, 240, 240, 240, 240, 240, 240, 240, 240, 240, 240, 240, 240, 240, 240, 240, 240, 240, 240, 240, 240, 240, 240, 240, 240, 240, 240, 240, 240, 240, 240, 240, 240, 240, 240, 240, 240, 240, 240, 240, 240, 240, 240, 240, 240, 240, 240, 240, 240, 240, 240, 240, 240, 240, 240, 240, 240, 240, 240, 240, 240, 240, 240, 240, 240, 240, 240, 240, 240, 240, 240, 240, 240, 240, 240, 240, 240, 240, 240, 240, 240, 240, 240, 240, 240, 240, 240, 240, 240, 240, 240, 240, 240, 240, 240, 240, 240, 240, 240, 240, 240, 240, 240, 240, 240, 240, 240, 240, 240, 240, 240, 240, 240, 240, 240, 240, 240, 240, 240, 240, 240, 240, 240, 240, 240, 240, 240, 240, 240, 240, 240, 240, 240, 240, 240, 240, 240, 240, 240, 240, 240, 240, 240, 240, 240, 240, 240, 240, 240, 240, 240, 240, 240, 240, 240, 240, 240, 240, 240, 240, 240, 240, 240, 240, 240, 240, 240, 240]

